-432127
42617
-490934
560973
671733
-828288
854331
-533138
406358
-737705
656030
-149959
-418241
-274225
408349
736958
329380
-278658
324166
630879
255411
166776
-632512
-966893
823894
-484435
783001
-813864
-201515
23519
359610
449459
683161
764478
-440836
289381
827275
307105
396243
373676
-297957
594403
-461912
47026
-251171
-206248
293061
136086
-968115
-912277
-984086
593430
743219
-911659
-95748
-709418
-677854
-538756
862557
220367
223770
-633882
-821673
98775
361037
-965544
528817
181448
15999
-475889
-381596
-30768
750470
469786
101096
126933
-477583
52050
431655
-367229
-839995
3704
782483
-549261
309986
633321
387283
-572679
-323579
-616320
710808
481802
-104217
531976
-776306
794696
-690686
238172
-491665
372908
