730131
-507080
125534
165594
58929
951095
97717
593412
-269387
-558159
37374
808813
-570342
-707184
-270201
992359
115201
461713
589780
-183133
1042
-62332
333391
66172
-400761
956064
355740
60124
-826556
963200
994571
-686897
-576098
864318
276647
-189534
-892356
-249942
347883
-398793
-473189
-844376
432148
-502296
-864213
632995
712594
956438
823191
399538
-159976
809805
-751198
951109
948306
-895851
-395092
-233461
-37194
-675112
91861
-526492
-204940
647147
-35144
126334
-790649
721979
83672
198414
288109
-732779
768921
850477
-560141
872849
-350491
-476467
742314
-955492
-998545
-605098
57334
395425
-429164
-842399
-181948
963540
-167075
157584
-22437
33819
-793695
460424
-285620
-976616
-795960
173708
-274556
-105385
-361558
-320457
-354048
-564079
-535403
366165
-585953
-652389
864622
474079
-644845
790382
272110
-317166
-503311
-890669
311950
338603
274665
-255701
-602882
329537
-757489
617816
-471474
-56642
-283305
927436
675760
278395
-769248
-404436
802132
-994440
-394777
-683744
496883
-31563
175260
92346
81000
53295
664465
-477696
-784904
11258
-294641
951192
207410
-411529
-272893
846223
111346
-361549
-527274
212037
-876545
-754595
982618
278649
722132
-224415
806368
430701
911484
775205
-719002
547894
443158
574687
-344979
-747102
728568
28433
-632599
-100539
-429584
663202
717650
778530
-600794
70938
886744
-998029
894749
-622598
495795
287382
717656
71094
655128
-236140
-791527
83024
-521273
276174
19141
-261102
65601
-909114
256867
-862616
108696
270471
-893629
-925096
280030
-197966
-163269
199582
319423
306215
870157
908392
-977877
971724
-638364
-27990
-192341
548605
586237
959647
115669
42768
-75805
344542
-569637
-25981
435154
905877
-223299
386245
-635459
861668
-295521
437149
-408853
601432
306229
898363
-959172
-270206
-294054
708186
462858
-570573
-498752
641294
-884181
-184361
-206270
-773585
133010
-373396
114006
-596766
-425451
504989
474910
-335551
560713
-472321
-938083
-78298
-505207
449895
779398
-832743
-844650
432613
-966864
147411
354392
-515358
111399
-109713
-519997
-32558
977628
69292
811349
715029
938876
538081
101947
-671888
-800674
-326274
-894957
-957918
440085
980282
174157
-463706
187301
-800802
-979285
-205179
118611
-77394
223847
-164012
145941
-603409
-20237
-181039
-553815
-601958
575195
181014
-234302
-996837
466759
910200
-68388
221894
645404
80895
103217
847319
969539
-903039
814916
-507484
9217
244189
533274
1541
568913
-876280
-662768
-192639
792057
501928
496643
915696
-836251
422245
381071
-545931
245461
-656330
-943153
-68764
57619
142696
-923374
860122
-676883
456595
733922
861830
-352818
-146002
887218
334603
15353
605247
-29533
705022
876769
-250325
61427
974602
-358489
-943445
446466
-138701
-239184
-993697
290562
316855
-303006
-758020
481211
153360
49276
-420318
-392455
-721897
12688
876745
422163
809154
758301
-152103
877208
342158
-383539
-993576
-697193
-7432
803655
199869
805259
731941
910002
-34844
-912287
98081
-103992
-991717
-333912
-503228
631698
281177
890452
-816463
631493
634126
-224465
857976
-349895
-29930
-714147
147419
328834
497735
394122
921902
735277
-845783
-257102
341719
-620007
-642875
486924
110965
-424465
-979690
-137964
993821
-986945
546717
-24396
-963904
-541000
358928
966798
-119128
-107644
-629838
238312
349473
-293954
-909506
702005
-396364
-700655
776061
-452036
892815
-17042
893431
-77977
-359808
121833
-314554
-288598
598176
546097
-316923
536334
968205
97066
518504
257369
-189105
-342871
651878
-395172
353756
-181
89360
-788903
-874314
-477454
-306555
-490354
998450
-30627
-460930
801635
-928555
-321949
-728699
-252373
839255
438220
606019
804890
66889
-518196
515318
-943932
-403374
232989
-87039
-283058
77077
952248
170397
615859
-411474
-577105
-112082
-147915
2908
167978
-201680
885854
703033
-188804
-923952
462001
247203
48993
-176233
-326542
-588609
516438
925761
-304113
724244
892693
271276
784810
-889646
-795220
359148
544324
-304074
-951367
859003
-742521
-508283
-694588
-411762
-150865
495541
-463303
-502526
-259433
716075
776960
-655243
-614052
479135
283707
-590862
-497744
863517
-311397
387268
803005
-792412
-418976
-191509
35379
-834319
-181397
353965
-84880
-800810
-152063
533315
-513333
375107
-193506
-500684
-664963
-974106
-335885
-681024
430509
913391
619007
307570
-578793
946540
-35003
716504
-118952
-207148
-240209
-375857
802136
245023
-640769
625272
-176300
-88686
-635154
-890937
-566137
-499047
-362269
-153670
325492
985164
-693807
-186842
102099
-947308
-844371
923308
861077
-500633
801675
-726325
676630
990254
771284
125328
-736417
-870840
203046
-827672
433044
-698200
-502072
-168042
-536704
-707942
-810296
-627137
-558789
514467
220084
123938
113910
-24699
218097
-947994
-723869
-812831
-103621
137484
-831037
-467081
360889
407428
461837
675081
-724292
337883
532664
919647
-4204
-916975
-363738
536163
-837873
-382071
-68435
265196
-12657
-390247
-203966
-551528
205639
131649
-641212
824402
961426
-201223
-939165
-255757
-223249
453923
531115
818820
-677475
275488
23601
-809950
265295
-539009
-714152
-183430
-291315
493519
729408
963060
479399
-200427
-21428
-263187
-412842
768857
-158513
328604
-497552
-158629
-144429
910742
925639
478307
39685
-718740
-235872
350390
750656
193650
-382389
-890844
566068
639003
838372
-368322
-866125
-474240
752164
766886
462872
-392833
949092
-750465
-828844
763648
-374864
991747
-55914
878163
166532
96690
86038
286901
627238
872744
-353665
-493582
-944225
-990712
871031
-241116
72663
941972
-481332
-200167
374860
804703
80700
-944046
875503
73241
-917791
-619864
679707
857865
450615
89354
-904142
-835558
-685108
-343327
-134570
631052
-274813
-742764
-624575
-246837
61700
-792537
-134590
-141987
501699
90366
831445
44276
-42964
561472
964701
985891
628840
830935
307200
703406
204495
-183661
-967265
87034
-178070
44398
-695055
153635
-210781
-671126
154427
246060
940556
-409065
-66258
630865
763208
164529
617948
-458631
-599014
-801307
433624
-152505
467848
-957900
545642
78288
-131797
216945
278636
-888473
348566
81892
734917
-621037
523873
-932207
-297857
-210910
-693295
-128622
463878
113751
996901
-429663
-466049
272062
115199
854322
450882
-317663
541549
145853
194038
485523
35860
-680295
564552
-146007
708472
-701564
443848
820937
181098
-59713
-210592
-811366
199823
206934
663921
497563
-970232
426110
-133493
-179249
-157373
740246
-826679
168726
-904866
-698032
254663
205720
14771
347369
402370
-141478
472964
-737900
864458
309874
644036
-898187
-604890
-457385
-583424
-106808
-824508
869714
-803352
821026
-392357
-735343
-353922
-6704
555807
601818
-736806
812636
231456
969053
446487
-726738
-849472
221218
934110
497998
-758321
-489951
-195955
-899897
578757
796144
309635
-834393
-958053
-392169
-566901
-787548
-234554
-715137
-201118
-966311
506193
-849911
662246
320301
522645
217148
-81826
468564
-47720
700566
32864
-581649
-688896
665603
693731
-751665
-21710
-751381
-870559
-481577
251148
45158
-627672
-572161
406075
-804853
-908866
-140171
775225
104550
-376337
101726
414054
-803705
430581
80954
73794
568119
847170
635621
761925
18246
716908
-113351
-232485
438912
-355659
406865
-998657
197054
-326858
-542999
-619021
325912
-753112
492513
574105
-291912
719055
618080
-829326
445002
852868
-983275
-802384
-560497
-185763
-167527
450553
-592239
88315
-657552
902715
-303759
-723089
474927
624678
685276
673353
-492617
453835
-315620
-503105
-504545
423247
178634
245623
795056
