-588482
811566
-490201
-524355
-20085
380027
109886
349804
-486325
-848942
341077
424889
-723337
-623513
-376968
-670075
-669616
304084
-198896
441718
-67241
-200584
52153
-857000
-503306
-920853
-536015
437294
631868
887069
-186901
55898
-40250
-442102
696259
746852
-207559
695195
232397
-586646
102635
603293
-310202
-922203
-804703
442838
752812
-60141
641779
-921143
50025
-540218
216396
33160
-477909
85577
-970866
400561
548815
499498
-168110
-807034
324731
58025
-932787
420013
826699
413691
348622
40832
-851166
926267
-761757
-600814
-175837
856942
804508
-398784
-87112
403121
-690969
-730001
-368817
653186
-944102
393447
917797
133543
271120
-516149
682810
298942
611050
438836
-999580
104930
15863
787434
748160
-414857
-757458
154430
884675
-537325
-169512
501127
583854
-85879
569674
-873033
-628704
181395
35408
636441
-205179
34203
865958
-639959
-418643
540326
369312
-998769
-658505
-469538
-855575
-890054
-390612
447034
-194712
-539370
676136
-653108
-278978
-664215
-142414
236839
-286740
179791
852653
-931222
285842
237008
622568
828526
-992942
-458469
-375472
-963960
964947
742754
665285
236283
7905
524625
-646263
-194179
167858
-679125
372181
332132
-921020
153348
656646
465773
199393
-470763
-925708
670249
-690876
176831
-894493
-396795
17238
847263
-951533
-934028
-527727
-225206
683506
-156741
561670
-857947
202482
-204968
620537
318436
-214667
-512880
897066
941853
228579
892308
-724305
516744
-749602
-633137
-714500
274517
-458227
-32817
-849147
-564182
-674283
24013
-437766
761528
-353242
-472358
-968783
-756871
-729807
192809
317474
-145144
908599
-688141
-375797
735004
96317
553610
408500
27426
77148
956670
-539699
551031
311669
-260506
-266381
-477249
249089
956876
-31151
-274971
288774
564407
-912541
484527
864165
399573
894294
-39940
-360496
27717
-356212
-123875
778778
256127
311995
-856114
150311
-501535
674741
-259760
-42814
-337450
59586
604324
120077
-551387
-27991
222949
10707
-768428
635342
-335037
85498
332598
32629
-17256
-502636
663576
14501
617000
-584812
908804
-588505
-785158
-615907
719408
-297554
333005
-247690
-191994
-487408
544441
-732262
508881
212146
-724636
-941971
624129
-21373
806365
135176
-932453
-940001
713112
-242891
135616
86419
36742
-818186
235735
-295232
-325423
-548544
828122
-571560
273073
-325051
186682
80390
-843794
169327
-561808
-814294
959602
412648
273441
539586
387082
477526
22893
344932
-558663
569764
-194475
-926873
4409
-863108
-567098
302242
508559
-436911
-291130
-99636
199497
336664
878522
943234
121175
-777450
605137
559848
972804
-755116
324497
985319
-481137
384560
339580
48148
-586902
-142066
52318
589744
636942
-547797
883254
-190644
-785671
574866
-518337
-420603
749637
-107481
-944742
-413843
705126
-588320
-675047
302730
-778368
65428
139562
207608
-117405
816491
-12834
-534487
320292
873078
821397
902605
327897
-461352
582984
-371507
264304
-959711
294771
366320
343084
97979
611997
571553
-625218
-112899
-648443
-549304
704892
815837
-147989
152148
728896
-391486
-389128
-229414
-149024
-658568
-444598
9431
-217531
311869
196512
814225
622506
-257288
-577121
-893028
279539
-435063
-167361
709113
-673753
904251
791893
-588455
823820
46422
-536003
959871
-697890
694738
376739
-662077
-409301
447398
523118
-970702
-501298
-592707
985035
-335533
-490362
-131830
188241
-117243
-870606
-890062
-419370
-142204
-651989
-22552
-373938
-862838
180926
-289321
576730
92434
-390588
-831560
-695179
820919
943584
919299
-413258
287803
159957
-107710
-997438
-473820
298114
254592
629714
406529
812026
469345
606301
536139
-568892
-348213
674018
-844058
850092
103874
-988972
-905017
11076
82258
-455135
468655
836218
354981
565345
-68587
725975
-745932
814616
642721
-130222
737306
-289240
214357
-984241
-234108
587350
-522938
819383
-358971
-432266
891528
208948
-784250
676534
129705
-891639
-371813
310789
-872877
-484339
-548752
150430
-570219
-815806
732450
-561483
-543045
-552298
-152534
801212
-85031
-260811
958388
120658
285031
77833
-402162
-698039
214534
-70449
611260
61906
-335007
-824617
175272
-772537
-996561
545368
-288522
235797
-470188
-160403
666614
-101308
341543
803504
113203
367141
-860849
-368142
-541272
376983
718278
-672492
-957934
-200587
464383
953093
-416543
973472
-943196
-895016
-2744
-38876
567928
848384
-625549
894473
495708
-871764
-305320
324793
-820499
-105159
331815
553097
-987702
-130216
-111525
814309
215923
712894
523122
-164067
-779571
-702591
628409
635974
972738
236566
826433
-744370
456197
-397596
274542
-722784
382963
-992380
-348883
-647440
983829
-805224
-529979
-994653
672578
89669
640071
632158
959457
-850866
927392
477738
892237
874190
-366259
809409
102353
812178
-502611
526328
-497710
685329
-319886
-754488
-616308
-351480
57649
-38150
-316812
410806
98330
679023
921917
501041
99521
630153
-37897
593508
-198246
938042
-282287
-587226
93060
624423
103039
500343
83580
832504
608951
345433
254962
389055
-142891
242505
869432
-238846
392990
-130984
-647529
-465434
-958431
-291733
-932228
401274
-72775
781195
-544944
-769122
952880
-702614
-285467
-108657
963582
155763
346508
-261616
728495
665868
-946877
24757
-115614
-347925
329867
-714289
546285
-692334
-698664
361711
273694
-140184
-667230
476569
850973
-251530
-735591
-724857
87277
-569285
105461
666006
77201
-75604
225643
-618799
-834613
67275
500411
452249
199551
-179614
276454
718190
-862537
955484
-715394
355164
-476992
897345
828821
-762492
617201
799052
-395305
-286138
372747
-147157
33972
-667640
713276
-265389
806965
2598
665406
482941
891632
-611082
-466788
223168
-86505
661110
875925
-940724
771114
879508
189593
-704064
855373
-696294
-992400
404777
-943692
293557
-930182
-602472
-717126
768032
-760687
-838561
454289
527730
-45430
735335
-275692
-707968
75099
-842575
42809
-807696
-473002
128231
-518110
952923
526996
558110
210002
545054
918253
-290261
757116
-807234
-59869
380575
967799
135669
-985058
791776
201679
963677
505426
398821
906869
-730056
506556
-870643
-359274
-387622
869900
541725
-138487
827187
115549
-35627
22113
286589
3359
461741
226210
239230
-531434
406065
381073
815098
-711941
-505610
-625628
184633
-573888
-322504
-963815
-114768
604401
129041
-416861
3023
310454
287064
-454210
-560665
-145035
-493676
-398428
-935755
-373612
-827876
-598056
372111
364124
-866612
-541985
281769
-123271
-578330
577550
466692
728734
386690
-11777
758389
-399931
196275
-637923
825038
983828
78008
-78113
736811
-398757
-182308
-755182
-585382
-772550
244715
-80306
806504
-588064
721745
677386
429252
940142
-723376
912332
333203
592377
-275747
429305
-889073
-329426
152472
-167606
282268
126097
186599
239711
513513
-902818
879534
-51346
-953665
-856304
773932
-948204
-236950
-547073
953461
-586548
740544
943012
-216952
330365
1106
722169
901004
-866259
927279
281979
761004
-857132
-996145
-998063
362251
342475
-565469
735367
-582938
671715
807863
-925069
-209339
160786
-496128
751160
885214
830921
-278456
256744
273286
-375967
-362701
-117819
986708
-873037
-239379
-282336
-806700
724678
659826
-501533
-60571
348707
875257
342186
682288
-712379
-612738
-711541
700229
-382547
-820758
-830218
-522156
-365423
677986
-40264
-118396
572596
649513
53914
847475
-139951
390195
486310
149707
-407247
888391
-498295
-382083
154844
979023
795412
-283107
-480660
-141761
-175779
-549670
350845
-952032
740994
-691176
979136
191160
495885
-260308
874287
-951080
468851
-571853
-459941
954946
781367
575887
-612000
-526028
21676
592256
-87557
-720107
-1833
119131
340018
-400581
-456078
360809
-654671
-476329
-875507
432350
495925
461950
280144
-80269
464929
-740012
-941477
-346589
-214866
876503
351694
-784768
-657088
512581
652388
18991
607315
467883
540986
951558
-259052
-447092
226094
487104
-391796
870186
292195
513755
-738057
793972
-655392
-563313
-359245
-13557
-658856
-590614
456404
-658701
-20348
-47860
773716
-884781
482988
881405
803304
-847512
-6714
79270
-87827
-745716
-425163
939891
-790143
-828193
374450
178562
-113873
512399
-172216
912904
-680766
314570
-826887
789057
953786
338109
-205314
464401
949213
-36281
-986068
-952004
266724
216383
89458
-162497
814422
640734
-161281
669129
-396685
896075
-200448
-753319
-605626
-980798
874759
-567947
305758
-369312
-348281
816260
-699114
-811635
-35716
-14903
38671
-620410
47016
-309252
-730817
-745979
776951
-648570
579107
493840
262916
472282
-877552
926683
707380
819691
68391
-326821
-445952
417613
-409881
535401
89553
386924
-485155
-840690
-648444
164963
121078
847729
-1011
720122
742005
164954
925367
-363713
-72961
-337438
460169
850751
-250413
893114
-567483
-34975
-128104
718868
587274
677984
-667569
-816591
849433
648803
886888
723464
-92492
-568517
-657936
-417392
288162
387000
-431769
125994
760656
-223704
300208
-661330
312593
-949779
-169695
-287343
447366
922554
438202
291376
-167655
257642
754291
-188869
68643
428669
556718
-135999
227630
-664017
683084
434643
529236
-59593
329692
-975528
-400314
35097
-320403
499181
844265
-941912
207620
728054
18074
-747876
986665
548422
999570
820555
529564
168167
960869
-915320
403877
-648186
-149979
267669
-641271
832254
-436317
375237
915352
774143
839637
437555
424676
-224293
-317229
-483047
593548
592621
396796
66894
-739786
903718
-340555
221534
-722917
-9803
-929583
-506553
-103749
970450
-546035
-517042
749490
830504
-353358
522364
-984925
-853155
364253
186041
712528
-49217
-349221
-401021
184396
994188
-590802
77899
483655
210654
-423763
-345236
393
253617
68039
215369
458746
741266
-104344
-886143
-99363
619494
146036
-928302
-190307
942421
635504
568967
-514496
-866479
846272
-317921
379256
181575
-893813
-416772
624472
-91680
754362
974020
421412
-172556
-196320
537432
755649
606860
-294860
-377745
433995
749330
-639751
772814
24133
-640745
250366
-253146
796907
-313279
-180863
347402
450724
418895
-971857
251787
-712428
7499
-135545
-249102
-549555
873163
-708004
446745
-548443
-464541
-260359
-913562
-987102
952874
-299938
-557211
232722
686567
-344023
81537
-248776
-737063
-559856
-468513
-720736
924192
827915
542552
556820
479563
-751729
-247920
-647129
795007
248052
260535
578670
602816
35320
691676
-567473
-224801
766044
-439575
1137
-871424
866348
-575041
613587
-931897
618524
807919
-935432
466591
81422
69265
-446656
-929241
190128
-506171
-359213
-871751
-983741
126276
-738762
-965737
138742
53793
492031
935348
111728
-142174
220325
-732131
-356627
968373
609777
51842
372480
-723567
542225
-994587
936822
-96022
645835
-840994
654171
77776
558287
832136
491542
254757
260773
-164596
-61393
-644679
-366011
306760
518066
-897532
-115131
-95205
-634325
-606081
-480595
-819761
993616
371999
900838
-978908
-772802
179183
-777135
-950923
-958116
-268471
-665227
-283127
-27556
444976
229712
-991111
166240
831821
207438
20537
-121031
-385019
-670889
-368572
74570
-308045
659075
600424
-852085
425095
691433
-671061
769065
369146
956821
77529
131915
217453
523287
699179
-197520
-968355
-320456
727062
141684
-518331
551624
-141011
-535630
573329
-261741
-271949
676546
864442
-91150
-519871
488803
-164222
594941
914832
261876
-908850
-383394
-735900
834333
565403
551361
786326
-950389
689822
887783
70460
965720
59644
679898
-976650
700680
-895453
727995
79832
-367057
-647997
-657993
-276241
713521
-522643
531608
557170
-633182
-659002
85752
693767
-67125
-699289
-421744
941486
-949426
-453163
-106066
-305074
-924575
-567272
-291131
159706
888118
-888966
817822
-389728
533371
724318
-816851
-783058
-628355
-782278
-806530
557665
458856
-662990
173518
-653685
302377
971986
867254
611264
901748
-520344
-799998
-889538
603745
4476
811808
726646
-296399
831853
-231244
169787
462511
-852438
-882487
248582
-1998
711561
-63455
-111645
821823
458439
171053
851196
-171573
555677
659864
487232
-961379
650619
876285
511920
-327854
-748188
791738
388550
-393861
-91035
-993956
-781310
-251039
394035
910649
664850
400872
-767520
-474467
764317
-271983
-628550
-128228
-695124
510361
-836032
-853625
-671307
-831297
658114
575225
-276794
-78045
434708
136977
60235
-215862
-853394
-506566
51836
654526
575331
-353371
313701
-851630
654204
-540328
-414061
-770685
-319631
934752
-915112
879226
528899
-456542
-943044
-304081
34425
-875824
328064
-655833
291124
499831
325455
710109
-565263
710708
209924
823231
108187
115207
479250
145231
72267
-213057
-357100
-485142
-938915
-610027
679538
-975450
532528
332245
515116
-729260
818809
165815
-122682
-846299
436804
-665908
-813487
611816
429961
-424428
605073
319601
25191
-842708
78416
841238
-804992
775204
-170946
-650413
-674704
-660625
297347
-493683
34410
-889356
-180765
-6669
-965647
-794559
-776051
70273
-674895
720863
990336
75166
-39048
623680
654491
83046
627156
-536363
-712897
541826
445129
-292932
641314
-840270
-984529
-602729
-81741
991596
-370138
-31624
-490971
561310
746167
-453128
-906853
211600
-783735
170343
454766
569445
539325
-686307
51614
111936
321766
286959
923090
358148
-143704
-949955
-478707
-79437
242412
-186583
-749712
-61832
772285
-157086
-763866
-93888
-43582
-873570
267247
-746750
-541096
421670
464333
206624
862156
-370933
-20923
-823579
-782926
582006
-907438
763566
-592028
194205
555756
-88282
-765286
-875438
-663249
-205654
237987
350773
69036
-777269
657342
517514
-322999
-669967
436503
-574299
579413
593436
620769
283778
-352084
-203066
-65780
263921
-758909
-337947
-995036
319982
-879407
295053
899142
-159089
-777253
519857
-142529
-257898
-881190
-16119
555842
905638
750922
243472
-144698
996371
21586
-856795
804346
-331054
-398261
-884015
-64154
154383
-504210
-871896
712351
-308386
-254305
721480
900006
-810871
-242992
965503
-807201
-654840
503443
954633
-326231
-893426
-921152
-970122
787486
549568
649151
-905942
-684056
739456
-993165
-126850
568510
699752
512452
-382715
256634
-498221
-918330
-935575
546521
-791275
-797301
-890637
-389682
-807478
-149374
-984535
416131
586188
-541302
302097
-721555
-928194
-253673
788500
418314
-229435
621439
405118
135226
793303
242402
67746
8248
-55253
705844
455322
-933709
351184
-91799
-223572
-512755
828122
-183621
155977
715567
-313033
-158309
122031
747783
-479713
140210
63918
876703
-220630
-62574
-168057
94171
-178949
948990
-410513
-713137
999834
584786
399028
899898
258784
277904
-209033
972323
-793845
781705
102551
659855
-495247
-570587
438703
-467492
-808750
519759
-642123
177086
572486
-835713
137283
614867
331733
-188699
-662542
-203036
-194011
399023
244578
962618
-193202
488951
-668841
-317541
-537910
-748980
3582
117088
-960248
194524
-762547
738868
-92897
164923
670856
-892693
-882145
-17198
-414625
736892
-310780
-71705
872757
-431971
20548
304836
-153093
-74119
154888
-278265
-258885
681361
-996617
-698746
-807503
-679508
696749
-909732
-951405
-14724
-320950
538516
612722
-703025
-458457
-397199
876728
233070
-568412
-493352
740177
-858858
499485
55003
-87705
610064
-213509
171363
318533
-457617
-682394
-931207
-808995
-993178
606488
-51919
-377499
-8253
893389
638643
-76005
997388
-256937
728039
-26582
319541
487757
421437
-150619
12411
-219293
-769898
713392
-169377
-477483
-585774
523454
-510398
103422
-20361
245492
-668518
-639611
-931718
-202196
615886
-811466
631214
775575
-946124
-779281
598598
627834
147364
-575055
137736
490393
593721
-192810
377489
-916047
-391260
-673950
-929473
-556642
-994772
-287119
855998
-188131
690246
-905904
167730
-64212
46924
-697944
-498946
619022
975581
741461
369839
-616598
-549678
998102
-985719
-742637
426200
-74275
-468436
-709533
-965841
627973
-19999
-679232
-490114
-728413
102279
-230464
-33712
790452
168212
-602775
-954193
619254
-975542
957073
574555
-714988
-948231
-1564
-727513
145785
-319894
639620
-349967
-343610
-569105
501067
-226628
-398498
-242427
-526676
-338708
550046
437155
14903
-150371
-554198
132898
-569413
92576
-412317
484168
418437
-762094
-885388
274802
677447
322971
551820
144990
-360812
-16448
-438618
905106
877576
738918
612739
440301
-662267
716132
311226
-566072
-643048
-32829
981478
-768055
702969
-78571
682621
578628
791857
479215
-818240
176205
-866858
336004
-696882
11102
454770
388959
-194348
-947807
216066
313788
390623
-703140
201242
-52988
-289966
-161673
644774
634724
92403
335274
-84533
-295031
-590561
-931385
459883
684665
-295906
-651615
749767
-273391
364177
-415208
715584
-616681
-312184
908098
954678
599291
-819920
-275912
661265
-888145
-673239
-702214
-287010
-156256
217462
-282624
-568175
-251825
-544370
482910
543593
-606959
-299505
833554
-165391
332255
-713710
-201874
300194
-960549
-424935
651932
-867546
-491168
-949211
103891
-817481
-411068
-178331
-328171
538406
-282067
360200
410658
308984
-31092
650420
366973
147114
-404805
327183
-293608
-404714
-502609
688378
-458594
-287634
79706
992349
-822691
996324
312224
-825059
553551
-586644
-12941
85546
-667965
-454119
-989683
-532554
606253
926500
871241
-162688
464262
-379508
-900961
249678
-701087
-103465
399162
-611591
457996
-881802
-89544
-176222
-737057
-376890
-664323
-942077
309284
292531
-926156
50400
621731
-197001
503780
551835
-502456
114688
-770006
86119
864371
137456
-64615
-457451
336732
457406
-436053
-654710
-788831
-751646
-969518
713070
427693
-277249
209741
-576312
-761890
708446
72711
-334346
941233
-548500
171686
814988
308011
656966
596604
-306667
10000
-582032
-355012
-693540
780013
-333009
-650550
525527
815922
518788
-620245
239921
-890761
323781
-6628
-7565
-639649
-454439
-464450
-686770
18458
-187889
69102
-358137
243076
960924
-581197
962047
-227349
761775
-402607
-175906
957678
-104525
842490
-999588
-859136
-567008
796836
-628692
-997108
-21122
201462
306949
665523
-639496
783708
117837
-600272
-193639
10682
220004
698845
908709
505020
259467
-649905
-684138
-607796
-962704
-716261
988850
720925
-845737
-94660
-26427
999140
180454
493965
422145
-151641
997645
906096
-386194
566445
-434160
818065
156559
-706795
827826
-34747
627987
197251
940288
-44020
-519116
751989
-864969
422197
-870608
-507980
275155
490017
-840478
-610331
-634699
-646753
50173
-569537
287471
-756617
-825628
-455465
-128081
-331390
886056
-540521
-219961
-154122
799006
614221
-62635
507968
668
293471
396308
330506
444241
-202467
810301
287580
-980034
-534481
734363
-585762
357973
-20051
-266710
362939
99756
429261
-977941
347170
784222
289079
-852537
-425498
-502018
-860171
832413
879430
519353
604934
-805654
-99770
184967
348305
981396
300860
904717
67255
-167341
-429081
-874349
-227839
-298820
81592
-603491
107897
619628
501813
617768
246228
609997
-229005
356739
-488628
-373112
469441
-365753
-608116
-735225
704868
-315660
168005
-352859
534140
-625111
894430
243189
-258555
104703
-506040
-286804
711033
186627
-164881
-359380
222611
-582065
-598324
-336210
-305617
-689468
-771049
113162
608333
-895258
-905958
-9690
261813
447188
533153
269049
284724
932450
-851954
-192837
681220
559189
577801
-320597
434634
-216646
-940716
151420
995384
-643997
-856900
-562467
210643
834687
-7637
805540
493135
-341931
475611
240278
-867690
182173
111269
-355243
991463
468475
790647
-226202
613019
27545
-344860
740702
-308349
-291745
74710
257193
483438
307410
196831
137591
484039
611590
-728660
-879676
73818
84929
7450
-507134
641591
451374
-549149
530148
841135
773307
168689
-710583
978939
-252656
689363
113220
-745859
-338005
360013
537540
-159714
-455268
685321
724965
-156586
183514
700524
354386
-16822
928705
-279804
907220
-193009
529193
201245
719356
-844916
104484
377971
322153
559102
819923
832001
232887
-941290
686181
972664
-855676
-104003
205870
215243
-356576
626679
-262176
116583
-319536
-375579
-593560
363648
358079
-222748
86631
-810745
833282
-307244
327499
169656
665542
-338957
-706166
946127
-998887
-756249
-512005
-924582
328145
-590758
478801
-530646
-537059
456127
-725196
762595
85670
-990668
230397
359859
620641
-841216
639758
221215
91764
-876741
170700
-298247
-463550
-979443
-190149
603758
398613
-743026
-849612
-206149
-676249
332237
-113211
-410112
-889523
336237
-15579
525357
-350335
136681
309330
702873
-437366
-160777
-690103
-78543
-408822
-840566
101602
-993331
-207452
307442
257093
33694
787847
684063
408972
742212
398108
-921085
33783
-594308
-627640
-820587
-603322
-627209
200286
-667407
204343
865733
451108
777628
809372
-366352
975360
-354202
-89832
-433882
268736
-126616
-939146
-788082
99971
45869
211493
124091
-433338
758381
119124
829758
303503
518389
-75354
105301
942896
747682
765714
-822590
261688
91531
-158501
988599
-747268
831807
358182
-336019
-791363
-24925
-695747
-102956
348534
678014
907615
812645
-925243
480144
-715071
789907
846579
-560804
-580954
676448
-512222
-980985
-470250
-276725
-727150
-324007
494782
-435994
840463
51168
-119069
603846
-774661
932531
-411132
789
452340
-174508
-266228
-518399
-308319
-876369
-329423
-821289
967838
-548417
-241940
873066
639361
445392
302741
-646227
-761591
-929313
-92774
-416543
-345501
666013
762587
908775
692376
-362478
220454
440247
-589674
-113185
-543286
-522391
772184
-560356
109146
748145
745141
-901280
-146048
-899224
350659
-596770
-617349
143109
4709
-150996
225334
475178
-555784
-700257
-809850
811163
-161130
-687149
639232
-436535
990853
-477369
871285
-804531
-70464
-124379
-931444
-395920
188063
-224482
-771846
-407962
459813
245236
106848
-30692
-906138
-956015
-612160
730023
-100973
-762155
-777827
417243
-790236
-275987
993711
-7427
357792
-812450
133952
-92528
-909556
417570
-340186
-629173
650222
-436631
-312867
-442196
969084
882688
320064
105638
-224410
-856241
-238748
167926
576445
222332
250898
763668
88574
952622
844894
968644
-409921
-830740
-79256
-393013
-912395
396835
171695
34239
71520
44102
113805
-783752
-509036
-749040
456019
-368477
468900
859877
-695679
-531595
990060
199638
104354
-995333
226939
915012
-385470
-423920
-712933
558619
-180211
-825495
187519
719680
-863610
261194
-203639
-121722
-916256
879195
-126539
59481
-797443
-956395
568229
716029
-929408
688087
759497
-798863
-657903
608149
628778
233581
-898771
-527953
-959660
974347
870566
-889632
-125986
424578
555838
-907827
901655
-539380
655580
213053
932687
656362
-907415
-501656
-692801
-807426
810570
617576
245526
449557
-666886
972620
158113
403271
-963006
-461236
-186347
-579593
-631784
930582
-834564
637686
-560750
761671
870202
-947516
891397
422261
-393285
189942
601535
311657
849084
833971
-950820
239338
-474574
-183208
-287671
78388
179802
-485700
170195
-420344
134366
-750707
-38677
789213
583841
768729
563960
235572
984232
-400727
682201
104585
-506076
-34488
43382
-628763
334880
3361
209793
-355056
-733117
-389818
524239
-2204
-595133
-814707
-530099
262206
15719
-618667
-531040
179341
626870
934886
864221
607116
165697
-953098
514786
-310772
974346
-574008
609103
19946
974352
-620433
958628
69153
-31112
-831439
-582279
22136
724697
-966521
341204
-437668
-64732
-217152
642346
102472
-406481
904772
-689803
882272
-358052
-547338
172654
-648290
-222998
249907
175976
468771
867288
-431752
-880055
609967
-668815
-501600
802341
473644
473209
553162
3320
-770971
268530
68697
-889600
914004
455051
594709
-245579
-505704
-424154
-209042
667366
428805
425349
-795039
657906
-18474
-103408
963444
-345569
-603779
-926651
67547
-24422
545435
-875972
-54851
-667637
-974708
601814
825104
-108716
-751079
27266
210080
-762393
32721
475435
139311
60737
-374671
751681
-925001
469895
-515712
-698397
-92853
-572357
-654088
904742
785307
125723
-299490
-401403
-846442
532758
-667917
-413723
-600790
-7700
887363
-404541
-956633
106465
-423462
-806660
-271807
-229731
-145706
-714184
934324
-283613
-583144
-175372
-810110
452460
-708524
-979029
-764200
599840
-428728
-131167
-774257
-409488
88586
581324
694478
11282
296441
48863
918604
177882
28117
-95372
-782669
-719886
13931
-791083
-20704
-569290
-880023
-401434
628423
-904146
333264
263859
657460
-337111
330759
970258
-265300
785906
185739
183413
-982094
-441934
776132
255182
-234203
41954
621683
-506209
885894
-418070
-720056
-999907
642008
287195
690192
-28288
-102368
-225594
-172404
-377750
180876
551095
-247331
606705
-922448
559825
-564325
-272309
563819
-875129
-112380
192021
-27288
274804
925393
-304704
523329
844760
-347996
-151528
672317
352816
-857058
980210
783674
501873
915982
-688270
419366
-752160
-777660
-374794
-456665
-165743
-195965
-110685
484315
-780038
916244
-485622
858937
-127949
-431369
-173066
-174442
-276660
-571851
-41644
63812
-893878
567121
-270016
-74539
-21312
-532771
429352
-705795
765831
-672728
-257633
-132587
724250
774677
280384
-897988
-491376
-718201
594365
-548328
-152394
-895112
-428413
516026
957000
915497
-285685
529312
-964276
-322444
-125120
-632236
68108
-962115
-840952
-392143
-851282
912391
-443278
-711611
-803215
929314
227706
940882
455302
-302078
147707
425839
-557559
-522068
661426
533196
-220646
-122551
852842
135314
-649315
782685
748234
55529
-453622
201489
817207
-548077
669553
-944212
658535
-955339
980366
383776
-413692
70070
-995836
-766399
-841224
861632
-982982
-481648
-996901
-61468
323663
-973898
367223
385754
-823365
113164
-358156
259302
794371
757975
-386267
609237
-60904
-329711
-716819
-297945
-453683
390754
-292785
-630585
1652
-335826
-121838
153973
563220
73032
-752115
-874556
-262968
152260
-407532
798527
-193353
-304023
-437121
-125273
893227
-255803
-31149
417624
-440240
-664357
-704880
-549942
968331
864120
128535
964402
534389
641060
676149
-119224
499443
-559437
-699184
383524
-183565
-718853
213676
-236862
-498363
-448097
-120485
-878940
516243
-87798
-415169
797590
965247
-903048
116413
818701
185304
315182
631424
-389463
-241800
-985270
843879
817498
-580
460597
636684
346398
942881
271540
-599566
115432
-805000
565918
-550326
886173
-890427
276648
234850
153399
429114
-587172
-993621
974604
243403
-726104
-338075
946345
211054
971155
209897
-393640
-775183
-442230
480403
-979134
185463
345561
134730
-298579
-96368
171829
-178899
663781
736756
-556170
-679973
160441
587356
-752543
-495521
-887651
465278
-302173
-773578
670445
262179
-362149
-677889
-680495
-143002
703310
-627905
592827
494603
-707778
973005
176781
-60807
-434220
803936
-854952
502229
-666310
423731
261824
-275779
655941
53202
15483
822430
-606128
-365947
425848
842419
-637660
669910
-231524
-977638
977043
752575
-424793
-652908
-862300
74357
644021
-455975
-82328
275659
-914719
-95722
-246421
-54843
-237436
-550651
367302
688826
799643
2726
226002
-220764
-119993
-678625
418935
590728
-683283
967469
958370
570748
210557
-276922
419797
116570
-736304
-52147
126296
828160
863787
-779151
-955891
-236608
861281
-908765
571873
-571541
414612
-33998
-321954
-502283
14107
851332
-999458
-416827
87424
-99597
-994342
-610148
-791264
-752447
224865
719263
287605
890810
-871900
-325758
966769
783461
-286034
-439725
-995072
-382362
-485840
-422688
130480
-598925
556154
-758713
151917
847729
-539130
386968
36453
631978
380079
734760
-159606
-793427
206847
-580747
-139594
634435
591525
210353
-771608
-672887
-455419
624749
-388052
-52817
69354
-94365
-367207
728652
-769449
-410912
85492
622555
486651
581196
511731
-10538
-782910
-622505
875803
762477
885128
-549310
-703670
334819
145640
-713401
-999087
88326
887475
417831
991929
-448567
-901763
419790
109863
-225153
735953
99876
-719270
-475594
-253052
890226
-928304
219694
-516569
-274449
-242040
-527371
404630
-690457
194915
-368736
-439507
349447
-739036
-593497
-35174
-355769
-404330
-355618
258254
256884
37965
578956
-150898
362713
-296188
800170
-538458
206473
-46298
727865
-54212
-66484
-515736
-276288
664386
-423388
35731
145633
-807547
-862086
-880033
-131305
-818333
856938
-931717
-50545
119577
824488
-353238
562079
-97862
-327283
104839
-420889
-891972
777154
191593
199171
347821
-572792
-245407
524650
-36861
682913
-59808
947942
493456
172894
920566
-815184
799380
-717882
793525
912935
-216851
435552
839604
435757
-146455
66974
-893393
-86242
14780
-451866
-838324
-483730
-906483
265021
663288
-894242
545706
-187374
-10512
171099
135132
-198875
852700
610931
-890026
-280686
849301
-720396
388039
387710
896135
546851
439823
633181
-325710
-829930
116494
589021
-157109
386863
520471
-228110
-762881
122037
-632573
-818817
889303
547216
270818
957726
101302
-307039
-324915
-539892
-392320
11452
995415
-128972
174549
-234557
575906
-759338
-441733
180448
-629747
988372
-362150
139486
-14581
633625
134944
525349
495375
693286
422405
202576
503971
-416966
-455511
316269
848280
777502
-205031
-772784
-464296
-228982
626160
915476
-993193
503351
806554
282799
-433112
92930
593716
-895695
-478036
-113734
-900081
-687975
723429
40454
868564
570324
861032
737526
398145
-977197
472177
109348
49809
783175
77713
-928506
990970
905468
-612478
124500
-716464
-341425
296603
-35696
-390585
-517938
350942
493879
254165
553962
151599
558082
-515914
994779
-723296
-500007
196873
-743791
867943
-10923
-577128
894802
-330127
-411280
929973
356980
274703
-766388
-644033
-135879
-315697
215836
-572604
362178
-335386
-415693
966464
-778190
-573880
598311
-309244
-803744
985178
-354142
851250
509880
311103
-342203
285157
402351
-732337
-129608
976109
-189600
-681690
-357294
625080
657864
854488
-216350
-789172
312475
-475454
627608
301168
881600
83836
701203
-63509
329328
784874
143880
-30492
812134
569458
-56565
-719640
-553532
-182328
-261634
-765686
-768766
242276
723219
-136795
827027
-655211
-301569
-600003
-981482
304687
-406851
532100
80437
-916384
-968197
-162568
900638
403617
-377691
193577
-661860
775624
708877
-108135
630353
-992838
670004
-335556
263186
225085
470072
441118
-485153
-879509
-318503
425636
530429
789442
734249
158698
-787022
700249
-230576
429004
34845
162093
-763143
4224
-274769
612250
905565
492384
271434
-738715
-360598
689222
-789516
301558
-145521
951185
-533320
-468061
660519
-862908
-388839
334759
-200321
278477
701620
-881743
-434298
-94622
285553
-72423
848400
-64121
230117
468269
115782
-446291
740040
211498
126766
498804
951566
-281530
871379
-281199
-506844
-137110
-649455
-495541
656968
462333
-57857
-86753
-867451
-965796
-592775
22532
-488374
445798
-586424
-471223
385190
-320205
-772623
58138
-105181
16868
-620777
-725215
-501316
863125
-968691
113352
806395
19183
905596
837277
948659
976987
413485
590287
83415
223057
331764
972501
118774
618446
-634310
614446
567636
-557852
881445
-603197
-463578
-2325
644966
551912
930537
-287147
451614
66305
-359585
-630625
557550
996417
-281945
-297756
-904166
422926
761976
-211444
-608679
500097
-899718
-363103
-752197
269833
-190783
378178
35639
260527
905190
-112080
-653872
-921868
899396
614406
195300
859094
403276
-981243
-447983
612337
244230
605325
-75452
-603069
-598748
-974680
639071
75528
-203964
-942655
-473210
216644
-285373
-991630
54023
-652577
-596680
860411
-370204
-260374
700948
-439346
-340483
-27777
580948
911430
742238
-609465
-740256
839800
-834525
459798
-343420
334242
-153852
-46032
-757752
-656831
-121215
833967
558701
-865346
-159061
-733700
-646073
849224
897420
-746245
485682
700221
-371148
929603
193138
220225
-220319
131722
902059
161778
253386
448288
101561
74290
-862712
-14446
-276179
745891
-445278
-681873
281829
-151759
-206029
136999
784455
-607416
-388806
-435058
922266
689191
687102
928768
-175104
-117172
-736612
-753505
-324588
-656113
-155858
829752
-881764
769995
-655206
914244
-109973
218295
-31500
-619638
-665258
139474
271377
-90654
-406448
-813443
833961
-83820
634277
-610014
-3544
31966
461776
-540910
-698095
-196204
-32135
-429715
91151
-261790
-399730
189242
-89190
-549587
694396
963095
451138
-324072
-545910
-684534
-76388
71331
178514
-350347
551238
-250771
224222
-178520
455319
-182502
-424357
294929
223976
-867505
553596
344718
-610054
416602
-890258
-608797
-39422
-843665
-47885
-138425
-146344
-908530
32670
-169063
821048
-664960
445226
281264
470322
-387841
583798
117199
-310348
626037
-274143
370872
-126286
-510243
815294
-276265
-691217
704070
553012
180383
-890517
528630
-724299
-770317
-799511
68011
697177
356282
442396
941181
-310698
464789
236013
456927
-584354
186797
-403092
430148
-943083
198949
741840
785118
-462674
-340561
681388
-383871
379425
320186
80177
227878
237067
411337
-832614
-546420
-672607
26335
-902088
560377
-176814
507542
-70246
981791
-373767
347216
-158120
364441
441532
-533884
-669188
-795500
-418940
-90182
-716658
402955
-329959
679058
614203
12458
713944
-314114
995489
835412
547988
-436849
544186
-111808
-235129
111213
732898
952382
135795
526561
339078
-147304
820954
-225268
-165269
-174445
-548650
919611
683928
486933
483734
-79534
-150686
-929696
47093
-121244
-364782
468732
-871624
-916507
391732
-691277
-316316
181879
836863
790838
-679494
-98336
36060
550110
-871599
-619363
-609643
523916
-376370
760720
775707
-230991
452033
-261036
-168204
437225
548895
934193
951103
189762
244568
813611
782309
-506212
47253
7477
73566
332456
-297712
-588029
968093
-557806
832015
-188035
-862311
-976069
-973058
180047
-906119
-739937
-240088
742173
-756132
991830
492946
-155436
-280510
-100810
-720908
754076
804378
-682987
402645
606953
168808
64812
-862143
429617
-340718
674071
22826
-471368
382408
422904
972889
-570234
521359
-883396
-26481
85627
302440
329206
-853572
-651527
-431071
-170521
-825125
728127
319671
558879
-179480
-701482
-234650
769340
-493825
771491
395344
116561
408979
591901
910277
-318749
-494649
493465
27061
-161267
229228
871618
-530897
751171
-164072
93348
-323563
969523
-484513
39399
418399
-731193
184241
607768
382728
-138553
-347440
-45789
-717672
-76900
-197653
843741
-368945
-30033
989788
-172994
-730517
158448
-638213
-371924
-885865
-955533
283037
52466
278384
273588
254125
372303
-555980
-415493
-441884
-809301
-535415
154459
-45912
-493467
937192
-924332
-190593
-606137
718884
98584
136878
-589925
-90213
762091
-22158
-41129
-100361
527907
64474
663795
-594271
-195377
-488897
-61989
770628
127860
149089
512384
-360455
-189582
39840
-402039
520468
-743674
997460
-709464
20618
182505
447945
116871
110590
231957
9050
-53920
775527
-962521
-65496
312620
-36770
16992
-718344
-476173
313097
894405
988455
-609086
-912096
-268697
-400566
-740037
169753
197821
49254
-506554
-408076
-118611
-410424
532454
389669
-735831
431363
552870
342425
-865418
283652
-17871
-373530
20744
514899
-375295
755092
-484470
-320152
383408
682370
843130
672808
-647318
781175
200560
664059
-320380
-256186
798078
-9590
-665947
366109
-973517
318618
850978
-572054
331706
-806400
-177176
677993
-107744
367040
-852334
-657073
403379
614470
-241381
-759796
877701
-246848
527789
165313
52496
-102634
233880
186686
343155
-911097
-130722
245558
396635
806113
298475
877826
813821
18013
591970
934926
620351
-733291
513938
-225180
-435594
556450
25351
-869805
-57398
780886
706365
-39493
-877130
519443
-962704
956536
417068
240838
-458097
-938775
950741
312580
-447666
-612196
-897802
-956865
-157094
899480
663662
822052
952872
-305594
-192932
-525419
373735
567804
892381
591806
851220
128935
-909197
-890154
-539093
150677
-598911
-691084
-893317
83037
443507
640395
331539
603627
423290
-996732
739544
-609364
-351883
-564234
-386888
-7342
266091
930053
546937
-657724
695861
-243116
-309077
573350
340409
-357592
-909892
887680
-759216
-659174
-923734
-646259
857545
-580488
773331
896675
-964473
-732614
-172312
22585
-403131
-523748
-830208
-123622
-15750
-988836
415049
-618587
-389928
232210
-752807
-789954
-109330
-242521
-790110
-840235
-887059
430707
-175612
373905
230535
-14217
180349
827416
425203
-749772
-73093
-103043
843021
-157786
740050
-731321
-999525
-167968
-499511
-178790
64683
196677
894671
487173
975128
225760
535627
206055
-194773
592097
895505
558462
-397219
-823499
-531088
-505586
-183366
-342208
-291864
286762
287458
334010
-984711
560546
-370262
581155
-922986
181897
734687
-181532
-337607
690785
56746
-165500
-11120
703589
431247
-43645
811989
-713101
791312
118871
969915
-929643
684782
-190976
-668028
605227
988943
530762
473135
-980682
948859
528415
548303
-982589
-213120
-868602
840823
639858
393846
-815428
-68654
-851167
-933987
296429
-143281
-101574
785058
-593649
946169
64663
-945087
-350244
963172
-634099
-977916
966762
567875
-469220
221225
-262552
-426345
-114383
426785
876919
-989694
-233579
-651083
588962
836410
-551434
-586173
-176260
-704743
-17520
-70233
-526763
843344
671736
-482123
-313704
-177092
-126459
-858270
164804
-964143
13019
-265726
-283899
459187
-812907
-502357
-905234
528654
985785
726102
-691050
786637
704363
-946100
877858
-478709
175915
539448
858129
600545
977387
-619505
211672
759314
-280917
673330
842657
4979
-691305
-294300
-815291
549619
-20020
123110
927062
-998325
-593989
381873
-204457
115907
574630
-2865
730895
-344675
227016
268375
-858766
767267
-529134
822403
-231744
-382264
761103
-360976
390442
-291203
11368
223857
-297810
402195
883076
82831
916484
431176
999495
544161
567472
2800
-509444
618500
-868936
323009
-710323
-286856
80880
414523
118511
-207977
-699407
-84302
-444454
995443
-529112
175354
982582
-493622
735242
-168147
-594094
-905240
229477
-927717
-459699
49050
-875054
-91569
-411817
-361142
-117177
934458
-8430
124988
-295735
686463
475538
-704668
66110
222298
720387
-321567
-91552
-983122
347754
788122
-482226
-652119
128260
913780
-422979
-185450
247498
791725
-50741
-624066
-979690
368728
-465804
-834308
866399
-701963
-91363
746332
-442848
-901076
-594610
-187537
466520
-146650
27517
-410962
521130
819721
526725
231432
-982620
-753650
930102
-877429
980380
955968
816261
989355
475190
-422958
735588
-416207
442499
-64739
-171219
232642
676420
679606
748215
-341494
-239924
-190039
798347
-594298
-132733
957012
-534607
-699668
-399993
759521
-930525
-56137
264812
-862879
-241437
-855214
-712284
-678910
-613592
526944
38266
633453
678708
826790
764856
554942
350145
313366
-789527
643105
-242919
-235271
-478663
-41595
475717
-296648
-9480
-597760
166621
153798
-717763
-505793
-489473
-770387
-4313
557480
974810
-127180
-720705
-113906
230250
642474
176761
642192
-895682
280403
586970
8207
-552844
19692
-381389
906569
-168377
595931
-948597
-413417
-424385
-721928
899483
811199
420615
218994
263666
36855
-876965
868447
715577
-248841
-538080
-821660
854161
88633
596493
-311043
-757096
131536
-356345
742890
-968181
162786
392971
-396489
-857979
-594108
314821
-294042
-628890
-264272
-157507
500922
-490801
-577115
-293967
976675
-602295
-194084
280189
522049
-711675
-34078
303542
-258154
-836802
-51881
-601641
814157
-482117
-793151
-896877
931105
356976
-54003
-396855
929900
448196
572708
326294
733901
644590
-56922
202628
667636
907000
-511034
368095
-502515
435430
-256062
-408408
261702
414320
34941
-729821
-688001
317930
994106
-107637
569997
889669
-883465
450150
235691
-675538
-761884
674803
96382
138708
-701569
520127
-929596
477383
-770227
-534697
653976
117500
539958
-37097
-114460
-957587
-189954
764321
325603
-560291
31580
924266
537937
909625
713017
451822
438322
689690
617734
-146685
-322500
685543
206650
-658485
694883
-541160
-895769
-478268
-679297
-71531
-136456
55034
-314597
635708
773001
912475
892252
-878462
718819
-749397
775308
-983632
197266
151310
887490
-599345
451237
13379
-76368
-576737
177922
-546832
-291063
-510400
78051
380055
752525
-918284
-773903
-174808
-915790
200060
-551301
-712271
733936
437406
564691
-526031
-237655
-972984
118341
38410
-814412
-70705
-671691
211732
-312571
-935472
-65324
-250930
562170
-570057
-376577
-649169
-103612
860766
-649676
-763366
-652176
-807603
873137
500465
-567279
-122208
-463829
710593
480268
-275066
948904
-562149
-782592
568037
-214279
-124158
44112
-159845
-466088
87936
413134
412640
532122
509523
-116475
-882489
-637808
163781
349475
343907
926720
637721
-643327
97414
270139
197537
-941999
397733
-86309
-432275
-96925
-366121
-558309
107549
220692
-743556
-992941
-8744
439251
780027
387726
548309
-30511
-313949
814921
-801642
642227
-233909
-815051
-583079
-477835
559516
-981545
906420
650629
36899
-908739
-554971
63791
899679
-768647
-50072
-808458
-521662
622525
-767719
572977
393125
279887
490418
362065
483308
473752
-327870
317629
-688584
663004
279341
-902690
-905278
337925
423578
203830
-490789
902936
-589315
753579
704637
-425911
-547008
291938
931724
726057
-164592
-247353
164783
948349
-492861
830376
781382
182443
-319007
-511359
964871
221262
-132906
-573485
8632
967656
-331342
-401363
997003
-264521
928794
-890292
252177
-963296
377679
57694
-849060
340424
-45352
921187
544310
-650558
-677297
-829524
-940553
-208030
170950
-912250
253575
703152
-647980
614896
-316047
-488327
636351
-200697
146847
-915457
725447
-55933
-347592
772560
-908659
-229926
469139
471092
-233441
290050
-762794
-264769
14241
718676
673839
-646905
861337
-554740
-534353
-365072
-144810
-789139
-923842
348707
582142
-525951
-792513
-809059
-825549
452606
-402111
98147
652641
-248252
359134
-399404
-927961
216451
-754380
530583
-882720
879098
-315267
-342222
-556083
-532134
451022
-410820
-487839
107977
41833
691755
306216
336514
305342
141255
228308
6297
-293499
-33472
-232603
-866724
-234767
245978
-354060
524886
925457
5446
-973411
-182419
709832
-366067
744839
73131
800487
-48347
578578
734489
-359324
831782
728475
114119
20538
-980970
226542
-320919
-586916
552288
483529
167708
212567
-270108
958985
883654
387971
-11352
189044
195482
893541
-816981
136098
-220613
-757724
449242
-874744
326008
892454
-453860
-152542
-235338
-783929
-387064
-461123
-141589
745142
-450378
384478
-840634
479595
26931
399186
-90003
885704
690574
-229677
28126
-133428
916495
-214956
274422
-433554
-565112
809578
-563696
959260
-548157
25814
404550
-465329
83866
-17613
60755
-968374
635302
-995527
863001
-151952
761231
825131
244797
825024
331011
538851
-345232
-29842
580034
-958600
355529
-893025
-798123
865801
767950
965696
-271138
-206679
-375150
702723
430603
147175
-433032
70903
103589
-362760
958613
-435262
-365883
-373117
-995148
648574
-311643
833417
-675469
-563410
-766188
-919697
291466
408796
-783869
-945238
141100
-662576
-595651
-124154
347654
493934
-238668
-64109
946660
918445
-831882
58796
397555
320816
-996417
611365
-437599
-596862
-922585
-34800
-648800
257651
-784260
96556
-253174
155017
-313430
532716
-781153
-920027
235479
-882273
-250199
927284
756108
-400320
-811264
-955506
-762611
-427428
-566102
-475794
265545
744348
-25958
721038
847596
-483090
-966375
-296737
53906
785492
214082
-581406
231575
-28599
711463
-827226
81930
483787
-991726
209374
-977088
328586
-757274
-337762
-716028
-689237
610851
-667598
-667412
-598087
-699640
-850021
108615
727849
-505006
537895
984114
-498936
852259
328748
31818
353859
-416002
21985
316923
-434285
569711
389720
427383
-717821
-471225
437020
325187
-986081
48517
21475
607851
-548677
-31023
705008
725334
916317
-454111
-762744
814772
104136
-276482
-484978
-459117
-169563
-51615
-843843
-998383
-737968
-570185
872962
7468
956989
332164
-533900
50613
397062
-338780
444785
258020
768146
-460244
943958
-653180
-768029
85230
-858662
-123697
455547
417563
-162552
-965932
-595220
505475
239831
-201836
242939
60665
864615
-190163
-505360
-73134
-932774
-859474
-454659
-932212
-718003
382345
-803384
-493046
-662798
-264282
-384873
-776579
-305205
-732908
827543
257759
182021
394842
-153015
-850663
-573969
633068
401034
620357
-767723
790073
-1731
-223987
958077
876769
381847
-128590
-249731
61828
-259834
-292951
-356809
42166
403647
-265376
615475
424974
804707
934430
475415
103006
361933
130696
-370299
70653
988922
198719
546577
-800193
905750
-489561
-149410
-633594
728607
-818365
-146732
654322
-173640
-329540
903552
-435276
-800884
-41727
-188281
616320
-611619
-643961
-193336
-329696
-235992
963377
-735346
538150
-896393
-407860
-369042
606906
-783165
376369
-915005
46225
-167549
-977523
-531644
-935682
53333
-416194
585791
533154
612040
-514733
448500
205504
335428
-241098
-651759
-163413
-763497
123878
-764859
-703520
-349028
252764
-465534
957616
352010
-335985
594132
-14058
-34474
603539
-822567
417191
835142
-455971
-47780
-272089
-620524
35233
647314
-124489
-274757
-631588
-975376
-812372
508384
-802649
287612
105312
-510753
965566
-937518
29938
-825406
967626
-737727
83705
-129098
874187
889236
-236695
-731895
911910
-803004
205267
472440
796475
-382461
-952050
-750702
-559070
-437259
-209532
-281926
503687
-148994
-583274
-134837
-849889
-419274
-161235
-466090
306374
312569
-752418
-852474
213559
-513124
-645191
600741
875239
462522
-379857
19127
-16258
436908
-199651
-725308
205427
-249322
632825
-62668
769474
119454
-735976
-921262
-338355
599352
-373863
498675
-450483
-394723
-31246
978736
131955
-623013
832789
515278
-968289
-519803
-184002
395455
469180
586122
35292
-3518
857270
765731
295193
-734555
767257
-816538
-831864
598186
621895
868728
931306
-257272
-413355
818143
881437
428296
-110460
599286
328098
264912
-365481
-764807
113225
-866243
22101
-611008
-369029
-668439
-847907
-640375
78756
-984628
266913
686830
432059
-991362
42945
458357
-635793
-79846
312708
-270650
841967
894399
-140747
557687
-963498
604720
-924648
-989820
664242
-354021
-105336
281562
-562384
252151
-642130
-214254
-139675
683526
-803360
640827
-875077
-814086
675475
-758192
-890250
-595404
-187906
-843959
915042
-972377
-949682
-988595
65051
391643
788863
-603900
-263816
833422
-390178
-988661
864661
352629
-954856
-130047
252
-766432
-123907
-563266
-620304
873339
509527
-488412
398421
-512400
653537
-988403
-593729
-501206
-798874
515299
180757
-372491
309368
239439
-797854
-942655
-479543
-867190
715960
316230
-944343
841423
-464191
768321
-459236
640625
336611
-626596
-182249
-704376
-703985
604715
-96809
503623
-49881
-123054
699742
-483095
22153
878021
468364
608074
-457155
-581336
-433450
137490
949431
-777387
779301
825484
-630071
-304901
-772403
348565
-93656
-322333
-913112
-570193
970264
-795570
958671
719157
-879945
669051
588916
849321
347236
153797
-468769
54185
-309942
271848
671491
713345
-414580
179044
-28740
-940071
-713073
230906
773416
-989681
-998050
856275
791071
775584
-563266
-507072
-195120
-5697
51023
768796
258809
-222456
-719524
-933170
665922
-409394
-271809
40683
-832201
283792
-674828
872312
-459039
-335605
-83400
-629427
-751104
584169
651229
193940
-586138
-250601
-302035
40433
-925454
397236
-214151
-283204
-107352
965925
-659395
23913
516970
-663995
230641
415241
-168107
-868934
-297618
922729
100667
253667
-661893
-788264
588600
813165
-20620
-996473
218867
-901755
448022
-258807
143731
-73177
-504087
-188679
-711653
202261
32970
-329286
-412476
-640668
156820
149849
478453
-703567
347883
-623088
-74047
-902928
-32475
349668
-228674
887780
557780
-659475
102045
713259
757364
-497738
283627
484849
900910
923066
84963
371909
176839
330383
-75539
74632
707752
492191
-892105
-945023
-981878
343440
464495
-36978
39998
-912571
-110694
707574
870038
-317954
-930412
615769
447603
46747
341668
-808888
-366484
-136834
-755013
349297
-341736
-794227
244810
747507
255481
-510121
13757
-529456
-473467
77518
-70121
-713600
410194
357298
-996309
-301150
-904867
120335
943860
550990
-800650
434141
-825582
-885499
800844
-107963
-605599
-347830
-823535
879363
542392
245834
448969
-347418
105531
-832714
-309835
351989
760414
78258
583766
129964
559094
939109
671136
-317852
-112899
-809935
238909
705616
704866
609149
-656518
-108125
-618741
-227411
729298
772943
655208
455091
949013
-571287
-214219
-355905
-601931
-966744
273740
-872814
824877
-102643
321188
522736
151695
87964
-493334
-949964
31400
-362424
290746
-580739
-646831
-187284
93306
-566394
194901
-637962
821203
619668
811002
200478
56653
-191608
-755794
24788
710407
-753260
293200
250680
-617841
263946
-629225
-404029
510948
-44976
837027
387715
-592507
-495888
805022
622467
870837
-655412
98190
839881
-432178
470895
-451525
663800
715711
560382
785975
-149610
605988
-134067
-927473
12904
-90112
-469106
-358259
-787974
-687334
813348
-700250
-130757
332913
-182763
91143
474948
342748
964126
55735
-824263
-688061
706273
549352
-930104
672756
-976198
-462880
-297521
777891
524079
-941825
-913638
-747903
-171515
265964
734793
89335
189807
162400
-564656
926463
411874
679310
309017
140831
-540412
-602578
602052
624772
-936894
676005
327566
364215
-879359
-279085
313935
971134
-89364
-825992
30877
-39983
435564
-254525
368399
863735
695094
-486919
-498148
-485058
-168963
518463
133409
-851757
598089
-966012
238721
305731
769504
-187891
956134
15119
215520
-673506
597414
-535579
752494
-346686
936258
-157183
727817
-2120
714888
-266848
-833032
-464134
-365864
733852
-979486
-972694
-848509
-532695
-974212
-514532
32975
-213590
-793508
484538
-386793
-452687
914413
764056
-525681
-693102
207355
-309675
929702
198818
693230
-30678
419844
955025
261396
694098
317491
33121
696215
477206
499930
-517374
387853
499060
-235101
407564
-385234
942315
154942
863896
395681
-37274
-255617
155452
933103
175299
218915
-757856
19481
-830466
-756432
-584767
-370108
830206
-170758
761538
-850926
884220
154305
-967062
344717
-845044
598392
-800833
-629059
-122678
-548447
-303684
-53031
715042
911699
913969
-849254
883771
881885
-541896
-591958
-675839
178181
957007
815420
-5555
-177815
-855657
-943563
426164
-669305
190632
593031
-108695
700248
934415
639903
901583
957719
-148891
-853515
271519
844191
541709
695104
694963
-932750
-213367
-645428
-883603
972374
-918791
633443
-454458
176025
-819790
162408
-871945
446966
235511
194180
-486083
-841456
-220073
225143
673741
-732261
37154
355088
-253228
-220902
998281
-338632
264617
-306750
820433
-748888
-26990
-985474
289204
-248389
90416
-980852
-897836
249821
641032
919876
-7972
-452317
132398
-210439
736438
-218507
677904
-877448
516322
735590
218460
-262098
-75142
-891228
-84337
-358554
225215
417035
281116
655407
-159522
247380
666677
497243
-564411
-774166
-896200
973220
380829
-43939
675257
830442
303843
931823
-686424
-934888
-979930
729292
-67041
463396
704607
-993321
-380981
-240460
-620056
43168
-350348
-379426
361371
-190990
497066
-367480
911368
461832
181390
583535
13394
291295
-69190
675651
300454
524454
965710
820334
865497
-755502
410520
8693
622622
-223410
-47521
-136457
410337
591824
-935988
772179
899138
-192569
-973834
835687
-965327
632560
-809464
337395
-274654
-987768
229905
84123
727021
798748
433384
-537845
235206
89468
975162
658357
-425004
-599090
980658
982198
345199
77246
-41789
-193706
447739
52563
-391531
660398
-964516
489309
-415351
-638748
-150764
-889206
52331
-73710
-159616
901657
-99405
-679611
-308692
632870
22648
237217
878542
739491
-184206
-233694
-200346
-353817
-219734
-981123
582896
721376
595264
-7899
621762
-646683
822873
-833175
177800
204326
984227
-335686
-940070
-492859
-252154
-174453
614391
304125
-712472
-826543
50209
429312
-778211
726826
-636396
637023
237674
314010
934180
67619
37940
-67088
466546
671609
-276534
-831545
-132022
-16631
61644
-63576
803741
-621337
434870
374477
-259690
-576222
-404211
657664
502874
-798597
-765148
-451422
815201
315056
-470005
233416
-402708
-329227
261653
485248
551970
918532
493829
-84303
-898869
84939
612180
-950240
999464
103876
903586
-98801
653932
-441245
192951
-2432
-487205
37288
-822092
-154857
742398
858068
-226214
-297699
861440
217656
-677642
-495967
66217
119848
-834200
-278215
727924
-537201
462799
680806
-834098
245661
796756
69013
194926
69275
-984433
-383678
-267445
430942
346649
576439
804927
118362
-967121
281075
-184266
-966706
-38657
952229
339858
-900323
50835
166103
-758113
-248259
214359
589224
19886
761800
-820280
30258
-290736
753072
-726981
833930
-135120
-706160
-877241
-867099
-91122
-50403
567633
713687
20692
472379
248498
775607
-82730
96300
542471
-364897
469035
-623517
677396
-272624
-960478
514167
256597
555570
-443805
14771
-445789
-867016
-825436
222154
673536
-264990
-773628
-892889
696447
240412
796168
479075
250707
-942140
-565841
549584
-214798
921993
-897997
-154190
-437019
-454417
-158881
-773491
662959
659822
261640
111642
970071
522426
-250839
-321965
789268
-4322
718751
369837
429077
454274
968317
503526
-94998
114955
617101
240372
652434
249697
383716
-844003
887201
902028
-434399
-766812
-357618
172407
271042
535841
286615
596759
-290270
-824086
-379055
621733
-172781
-182483
-8880
-674297
-303468
-836704
9966
-504883
912815
-766257
995004
115158
510066
-777452
-713085
-348013
155911
-280539
-448011
-419741
-588174
404039
779253
-748258
898151
284321
36992
483118
-784698
-162517
-727498
830551
-784972
-308923
446729
-446314
-562601
-776988
-76287
645543
-683859
-209817
902825
820385
272906
-699256
-646759
-813379
300716
-794514
989345
53940
747260
865502
881935
-685882
-38044
16914
817566
35158
855367
-43614
-842117
-50510
-587871
-599393
957941
699121
-295491
836927
-560320
-406666
780173
995890
-769051
-881519
449449
-533869
-965430
-110140
-10777
-993542
458841
138914
165267
-733650
-233648
934099
379339
-210696
256805
-10187
-880006
623250
566420
-731619
-862225
519230
39494
-88005
544537
745716
-962657
-852453
705377
-355789
-996187
-784312
-532060
164345
730760
-425205
-550068
578766
809426
49617
8202
204666
-153556
940842
930481
-252202
734154
630766
-350158
-98624
116212
-437126
-992976
-826200
395698
-142568
-860481
-977209
97940
-544643
-162114
454384
-178917
147051
-426802
-286850
-353721
-206217
767598
-430355
397502
309349
666037
66565
-610154
-603217
-302805
118065
608959
333093
605635
871790
-165360
392750
505721
-479265
908140
841772
-401276
758141
803345
694397
390841
528875
692349
176286
-640260
992103
893437
-288149
-75805
561117
-940077
593026
555112
474262
335363
569925
-824629
311821
714298
-262531
476802
755810
-538404
-236132
-85026
-126616
-130648
-865509
399676
-744871
180234
-788606
-256540
577577
-148994
663430
513
-435721
-630884
-458292
-313923
-147296
14532
-552628
551545
248814
-742554
608849
-745690
-524946
308462
779420
-961597
-430497
-373941
928296
599923
-973498
-788837
195081
638394
-354401
-419595
-830994
-671148
709166
-717742
-596283
658354
586355
212248
242557
569745
24763
462789
492647
-149959
465875
-525772
178614
575824
-296744
36623
-841179
-220072
-275158
729042
129847
-268340
-636929
109815
546714
896082
403475
-857148
671653
386972
472957
34093
-49408
-923295
-849251
485734
133347
-117260
278962
374666
272887
-951554
-941176
-860959
-586152
989149
-399922
866513
566332
966039
130054
-398236
-446803
340732
92821
807794
-608654
980440
374778
659307
-600436
586194
951579
-979645
213724
-646939
514235
-109958
-354078
-320392
-793463
171847
-183392
-825957
514898
991840
-749027
-581664
-464299
-743703
153861
685524
-181577
-384521
636653
-130791
305805
590399
-866763
799777
-359273
-964001
656390
-104439
587789
926921
-180869
375312
209552
446536
665565
-690638
366403
-955856
296966
-384539
536947
-742362
561254
112879
-169615
623497
474532
-49566
-956415
-662404
588508
505269
-875029
364562
545799
562689
413614
-873836
474104
-92587
-872492
-906383
-419197
-559178
-603679
885443
658616
492470
-290715
549754
853325
832815
445361
590375
-722534
-9315
55974
-699161
150333
-536683
-96727
639466
816093
-499994
190130
-156641
199692
692299
-685180
577022
680518
410697
198903
662769
-781930
-428885
291185
650720
805720
-559720
-188301
77656
-585831
489806
-617905
-934313
-358502
815229
-286472
-43338
-23436
238402
429554
63027
493013
-667842
-177304
-20070
-753176
935251
-445220
-854384
376915
-199813
654840
507260
-750118
976580
-711804
740370
987553
791404
-494991
-151427
459406
-537836
320274
-584663
609101
399652
-872982
920490
139501
988988
723872
-557108
-346457
306002
-223473
-705480
851135
-749331
-857734
545471
25476
867197
355165
-960314
618481
-299564
-874274
-614322
841590
466629
314338
-91105
-928560
-862760
6717
179729
-657131
775847
-737791
-59529
34380
401496
-23177
820008
778040
-486473
-970708
-869205
7990
-40722
479266
-852354
463164
360804
-124120
801027
-477311
-554576
-289084
311176
958779
79161
227148
-820494
376580
655340
-2540
200197
-268458
292376
532673
-990510
163893
495849
-787396
159805
487276
-802945
349250
805289
-506001
58026
-661991
-271037
780127
512324
592733
865000
882477
-322133
-976647
219060
347478
-703910
853425
-18776
-979508
474916
724315
-585097
-322571
677388
276270
-638483
-461108
-284093
-761678
-121732
-723162
-974785
-482985
-510107
-310897
409332
387106
270848
-97453
650417
-791934
-363609
111256
136474
-225599
337989
-28120
336958
366486
33398
-227635
-185900
203479
-489125
312021
-936937
120651
830974
-193227
197435
317981
-925604
713290
285706
-611859
-783597
-889158
-2272
550785
60073
-509063
-573377
652057
817910
937704
396496
-501408
-221904
557720
-609161
351742
-5487
-157012
-485807
160714
-473177
496091
458701
-562531
-879304
-732395
60452
-752446
635983
-682435
893302
28937
548711
755477
-938877
-631813
-127181
412088
-286718
845479
352776
-333888
740513
-50277
368616
-560249
621466
887023
475948
266123
-384017
-619653
-367795
731627
734402
881832
-887217
-898418
-186285
-492444
117194
-155293
-136298
-823249
278934
-914110
903920
734803
-794094
75505
-666098
484016
601233
839107
19170
445365
-632862
-774436
-392773
628971
-820485
412047
488832
19883
438849
-92696
-528375
-692112
22647
647749
103707
-797753
325952
-232801
733437
-193821
823890
440807
970299
160333
747961
-591093
211191
-414024
-187067
371607
432998
516082
102418
984824
467310
-418057
860978
-239395
672602
-15072
-478471
423094
-610248
900473
-502172
697822
935504
337967
846630
572885
-332351
-882136
292689
-360154
148409
375981
610334
-785432
-201520
610626
-3239
-298401
206082
-980585
-994837
-745150
742855
356631
-648059
-357097
-309423
-632163
823911
-884293
606818
-833466
337994
-544258
362055
273633
-858256
913642
-708108
-79357
123846
-702684
302013
392760
-718414
-482452
-685649
274516
-429825
-718657
795273
-23193
-394909
-428388
-806822
45774
800169
-724765
-875720
-987930
-13953
628568
959898
-857380
865374
-520377
841555
830496
203409
-529470
-468052
599800
360805
429958
-934244
72753
-240020
941948
-641242
971120
-692115
-398245
311375
-993882
-182165
-182934
-398277
269474
-5936
-754717
724707
-925120
-540873
517235
192373
847679
-18221
322143
-354999
-98896
-281602
-781248
759419
-521333
562402
485999
-615767
-495780
991294
-19077
-118582
953882
619094
-893737
-844247
346264
328954
542865
-823042
-293227
683568
-578627
138279
-866066
894592
930160
717192
631795
523229
-428440
-362500
586710
233899
-139959
461686
668223
-680975
-691582
249273
987773
935581
360142
949936
508120
-359570
154199
770794
542850
-764926
-758795
381238
-686804
919804
183187
250967
-609612
98513
-687694
247013
737531
719408
172935
436800
-395051
-515956
-926912
537777
310042
50887
199397
-720866
-755367
-544388
360409
255722
-15572
239209
-708097
154855
-757721
167671
944889
-645383
540906
-641560
-957173
212552
448598
-935908
847646
-97759
560988
336256
149985
-766998
-963343
553620
258442
-521664
-12898
-849642
533434
816047
752307
-198448
-27905
-769651
-244453
-396549
155123
974707
130507
-744241
-643711
864729
695765
196264
201799
464589
643225
634838
891799
767696
-129254
86913
992664
50893
-657042
849719
709002
-704585
331728
-946412
-789977
-389059
916816
-984563
270372
-361939
34729
-545191
613719
893411
-52429
669308
821874
-795541
911471
875249
465645
-35141
-638784
-270477
110850
-523770
-855239
-339608
-842030
738878
-605551
-187541
471205
-983767
834099
-794764
367567
-620641
176114
-166234
622253
844125
-800678
815541
547663
679458
-678286
704816
-835261
678845
-416651
-938208
-2716
-474353
-802202
-840637
175574
250685
-14104
-992462
-762992
97693
917282
664511
475820
495053
-629270
387797
362790
70879
26256
-147202
-891597
361394
267589
447103
-146116
-690596
283815
799390
-463114
475843
-26262
-184956
629279
590795
753956
450108
-26922
956713
180276
472923
-232169
452054
-485552
877114
-489901
417824
-642005
579679
-493528
762842
-767297
21114
-510654
-458316
-103492
643723
-936883
-737115
-708467
-987359
108310
952708
-835581
259004
721853
568247
24992
175572
829081
622338
-817918
-293261
626472
-410623
-138005
85373
-872271
989361
-913303
186512
-553608
971432
-698586
606470
-161379
-942107
727502
653591
-405614
961090
-34920
604188
220471
-167674
-527372
588782
136212
244119
-290481
-840467
26290
686924
-898554
330652
-942954
-108831
-389659
649450
-48421
418820
34266
686988
-403605
325260
576698
-892027
-659238
-581815
231855
-587065
-834081
388214
187198
209651
754799
202187
978673
-966723
-572296
-801617
-181723
-294293
826167
534411
223858
767356
564790
474170
-650446
-167323
-328346
316572
643888
804983
240724
-384438
-893841
766940
241547
625251
-543724
76352
575239
512517
-421519
-61428
262609
-380328
144686
-349491
-649284
-304828
476438
112947
413882
-942270
762491
169398
478043
-632112
640967
848083
-683292
179454
527521
-735756
14088
-339290
960568
-846226
441542
-145223
-359121
28068
-125986
524979
-704731
-776759
-960655
-874704
-991904
862658
-214476
-592103
905621
-812503
-420656
952183
-768298
-666130
-184870
-586648
725912
526744
471914
334766
49120
-584663
968922
392805
-657270
844832
507293
479053
-507210
168216
45753
62533
277455
-741618
-271646
-28839
299193
-873280
410677
-180878
-515945
101680
-574835
388396
85430
-622520
433798
-499003
-928359
898839
864268
503088
833697
960313
-388066
-542775
-609319
-68907
384165
693924
-51620
-718656
-973717
-881922
786147
159040
967098
839125
551663
-785941
346386
-413932
-660721
-528339
-960379
963302
493135
-282393
616371
-535637
143421
-21707
828638
558216
-859751
647752
-86615
328601
-746472
-285070
-956814
-770750
42069
-705599
128968
-934109
-896171
323778
-953461
774185
-666571
141927
-325729
613569
-399246
559619
-901556
834472
380629
911857
-840522
-268834
-888071
-572587
-760333
520377
676858
122
801998
-772842
730812
624219
411288
-624726
910933
453437
-991067
341110
426264
-647431
96618
607577
855999
746584
-268111
-5441
766772
15126
-19338
197880
-973316
869001
677474
375459
-409407
457819
-192031
877385
599802
527859
-367390
-899450
-70215
-554637
170154
-38303
127888
36954
966614
136509
720673
268104
-747797
480617
155073
392034
832667
207058
633161
224588
-703081
79832
-428295
238547
-204021
600125
439048
-486739
645947
844730
-848948
492119
721208
406060
322690
-840802
-128834
-380053
-985925
-561094
208557
-599492
520932
-191852
-556766
-461860
296816
353065
375090
727740
-696412
-87546
899139
825165
467710
851571
493702
333041
661955
319532
-507756
-784752
479780
-329398
820004
441932
272908
95809
-146457
-772916
18185
788354
-487040
172597
205396
-560447
-449117
-408137
-491778
203089
697417
-228797
892473
88875
-697331
415963
840385
-790643
465191
769921
661349
-800065
75010
565969
-512202
-844303
45435
-906453
124618
-111552
60344
-112376
-859603
389719
885155
997998
950118
-458574
-263038
-981250
365857
-411138
485173
-939733
178686
-136420
-861173
-415355
341493
-911291
-466240
-583629
-670365
-922041
584727
-10881
375350
-458770
327952
932492
-820430
-97026
624967
646050
-413219
281436
36073
-614614
459021
179148
721107
629301
-444148
-669868
375113
721974
-950043
704320
536271
-856880
462414
744127
634407
-374326
783537
-476501
-714136
-754272
-658343
-629530
929208
-138701
171958
728031
-95450
835360
657612
615220
-600282
925613
689598
211058
-932310
672735
-53005
-995721
497497
116522
-167326
-85639
-532626
688064
-309120
63135
330544
-396917
553155
-193587
368905
-556619
-177711
358269
-198842
627428
-238774
657096
-879638
607236
127791
-493435
6319
-350276
-95379
-112120
-997734
459266
-52342
-725876
927418
-626358
-103957
38187
990717
424153
-256705
-1655
-99282
36665
-522612
-588143
-156914
-347067
463060
743639
-438386
301156
908515
-448611
124967
-934446
-720584
-97935
-687273
786330
-764274
235763
-664135
-946144
77701
-201163
-638145
-105382
-727566
133435
40334
-989409
607552
338209
-557195
-485224
792833
857308
-395893
-81453
-369259
-903655
-106523
-344586
-147211
276417
743665
581520
910109
368926
-46093
-143605
540308
579223
722585
-961986
-724839
-177385
-679748
463647
904940
454668
-823498
394773
-822219
-696436
97242
-331796
-227563
742417
189716
919266
143944
770277
429598
-457762
-62092
552089
-888100
777536
960784
254127
902614
749139
835700
716887
-295089
-140577
-934919
346454
152582
-191524
-23476
741763
654345
-748991
-333100
966508
771376
615289
295997
-899435
161213
-106889
-942815
680032
708494
73057
-542381
892808
-667780
-339993
-815417
-70713
-384428
-511817
412193
269848
-71184
380425
299608
-440553
792945
966613
-649977
-720124
682906
824613
578384
-988570
-115252
-450044
101229
597708
107418
-336362
116053
-759377
484872
-491839
31367
895731
832869
-160887
984309
888844
522434
593274
-862192
231869
-173554
-149186
923756
-793988
-868657
-95410
-942960
400498
-63361
413765
103005
769310
262657
-752816
901273
934809
-725442
59842
-603626
179444
-307231
-827964
416259
135357
725803
544682
-937905
-164191
501235
-351392
-590795
-373205
821438
-371453
-851095
-689237
-999817
-573556
544861
-344014
-906165
420263
-56016
-791367
534307
96930
-300876
-837023
433087
824065
-130790
-874156
247148
-758610
719036
889931
964449
-885427
48263
235306
762044
-245842
-771069
498630
1812
-158884
-733567
-160698
197178
-919470
776032
-884953
-78191
710989
83451
552409
515719
-395459
66610
-863225
337711
-955947
-588524
327668
916349
108097
691366
55937
173853
344567
-286509
757579
749808
-522073
-5777
-252815
-488284
278476
-163607
-250637
-778898
544868
-332275
717237
676455
-222788
428276
884515
-706560
-64027
-92279
-472593
293539
974915
-839368
727158
-803480
-548669
490548
828993
-425103
794412
709221
-745816
193763
44047
-555155
8976
-367231
-158887
-42
-636588
-439706
690695
481882
330177
15839
-279048
-406579
-454340
711267
-554146
415403
-771201
-586448
-196530
667834
876416
642435
499064
810972
-943502
-484493
373616
-977805
-376348
19434
-559958
-742928
481800
-186815
-41979
683259
647951
694007
-842754
391609
767663
457102
941061
-598852
806086
8707
-331412
865549
487064
-919704
515068
624078
885173
167583
-517598
128143
905718
-485835
46919
695600
-371419
243672
923453
764014
-48836
-809737
305109
-591349
-989498
-967948
441229
514718
-940446
-299768
-386330
452340
-573977
444212
-158636
604450
-962655
-613664
-911665
704937
-79304
-617582
279303
797124
170929
-56884
-344012
42320
-783346
-365822
382219
-612520
472977
-743114
428108
579133
-225633
-367310
177400
319742
231615
847970
35873
126250
-23487
-929845
-528039
-479393
-879365
-573908
210636
602749
223663
-549073
702058
-252819
896008
772940
-8388
510343
-723261
-419013
-938280
294309
421611
406931
-915856
-309694
687420
440580
253956
270157
239017
303277
600248
-478448
564346
427163
-274112
997432
802317
-433568
484983
112000
545340
756427
-993137
481790
152415
-559543
916707
-574198
251752
568919
-338071
502599
318125
-924381
585923
695375
788547
-246081
-717452
906495
507909
883072
181680
244060
-715340
-609799
603596
-969824
170680
470543
-940460
918501
-735739
-619975
628923
256621
648985
228951
190765
-931956
-617183
-621653
317569
408626
-747204
-77704
-684470
-767719
660951
-886475
870412
813831
-951113
544110
-746868
331968
-856939
64824
-226495
791052
-424477
682319
264934
474464
-690259
-775218
-474831
562860
13467
771721
-40419
73280
712083
952330
464740
280028
153211
477351
-242807
487506
10396
-964419
-883695
-267174
211234
521355
766545
-37646
-876353
-361043
744163
646000
-991632
-3278
-842190
995622
830296
-145571
-322891
723120
-290360
-833931
848313
588508
926665
-958506
555191
-33202
831556
183299
-110672
-206155
-350040
-476986
817771
558122
431338
860804
680741
242904
-551638
-275082
12095
-542653
-740146
621244
-808599
-847447
-276934
-537076
-240020
436869
145198
301571
-180589
-912211
-140997
-908772
141623
-212965
-145053
892094
568550
-6840
-399540
-800913
-478160
284468
788001
-279641
-39027
-636029
-616826
-239681
-693138
-727103
536757
-177656
-111778
-547642
988602
-522888
-943019
-514635
311495
977792
877594
112926
-911819
765433
585937
-687677
7192
-934084
34216
586360
-985859
-686384
400410
821155
-934718
457150
-64673
-715805
-877422
69377
-130959
253390
-225667
743066
647482
716370
684464
703039
-387617
-458820
-23211
357939
-109021
100439
-609270
-885199
-855303
928429
415862
697474
-899541
-934167
85390
905646
-745824
-18084
-311453
-53041
291405
-253410
-387548
-243327
-348869
-487347
217528
133621
-886864
997617
-8592
-187099
-365571
545024
-903315
473890
28004
-11011
169486
861449
824995
960058
-610413
-928748
93729
637759
180051
-471604
-293324
263875
-107114
336220
371981
724567
338448
597505
-992703
100130
836987
-140770
321268
928839
900303
624364
794788
-548253
-188127
334799
-215025
69426
857622
410435
-223166
546001
35586
-7179
343872
-384354
-667743
-366354
474443
-276549
673776
372458
990674
48818
70953
-837817
63734
-917198
91738
-617959
935482
-633736
-443231
-668198
241735
-374583
952710
-559553
507354
-178533
149109
-575835
622539
781524
-818730
-622934
-142533
-119382
450635
-660007
620632
5929
-846331
-529411
-680241
-176173
627523
275990
53584
-783775
121577
505578
215351
-447192
-232135
279730
820572
-61161
-202064
574325
-531464
443612
-882433
21619
-280270
-581081
-338140
617015
275013
-45945
48037
-26032
-433328
-147728
-671639
184601
271803
219229
172595
7603
816064
77330
-692805
319764
-474851
-202757
419563
608953
-44331
-811472
313011
-447113
502685
210586
-674935
-394129
-736790
868015
748545
-524896
-826091
816857
262404
-586729
54695
472180
-607184
702529
626375
-400138
-785460
640353
-837955
-180950
-739994
343068
641058
607381
925451
412210
-31322
665081
446371
836295
-903042
-574089
884710
-101793
418536
-310577
459007
-924823
942684
-691644
-278725
-764430
-648367
-318181
-36882
524794
-153176
867137
460131
204644
887481
968460
630653
-134778
918777
-111718
-381074
-819231
796741
104406
-865773
-871958
266701
71193
-232085
-595705
-319969
485868
-442445
-99435
615503
75628
344607
767526
-144959
-994106
747062
-612152
609427
-697374
399050
895104
-666839
-767715
-521965
650582
423126
-889170
242024
-108662
277667
-401878
748825
-712988
-659008
214050
-607509
668713
-59643
-779158
-111439
-878167
794275
-119563
-41469
-224138
587755
60764
-791010
-432593
-42821
-926083
-221480
630650
-603903
796864
842558
-870512
-598291
-389259
214220
-681487
-132169
499289
738887
-287943
-665078
596408
-806213
-391285
-378996
-613716
-567795
152617
432906
-706941
782012
-326874
-552891
287423
134200
394290
296787
660918
-257441
466581
152628
-135590
-669168
466615
40690
-272877
-805906
-528805
-203789
483528
-253773
555372
912095
432381
509358
989168
965288
-206186
-822822
-268647
323642
227386
757149
783738
-107967
161747
-746982
469975
-143215
624305
541235
-850411
31287
-996146
584478
313552
-206438
71468
-193502
287243
298316
245723
463599
441090
482931
-678889
159256
-605028
137550
-13939
715694
132989
-136218
-38978
-149510
255543
-582572
74749
-751914
421792
86953
-418158
-357080
-991554
917501
-778367
596860
-725153
926615
799717
662589
-31546
-295498
548341
903312
-503681
-270342
-467288
-921778
-426412
-678670
-663051
-344548
390232
73539
931252
-932824
-615520
917361
-728160
206849
-387438
584269
141309
-419949
471253
422523
912470
-20674
-941720
-944353
-148768
-454637
959311
608164
-578309
-174677
-145305
-732888
343766
257955
-437541
41991
-97103
-762441
841007
-105725
-918594
-80262
-866183
-99059
-570591
71727
357168
-719693
139415
-736696
565533
-399451
79154
-375560
371310
-551579
-743742
-13833
-237719
888331
-284208
-645934
472382
-8142
615108
257644
866421
-348157
832166
353173
358406
-360229
819585
-743100
164615
-501092
-160541
117236
-161152
-230387
-940670
-716007
365018
-268049
334201
-812098
-465546
834717
410287
-640451
-250277
-606114
-810279
-572262
-1657
240075
582677
24572
-710810
-443945
976055
-815672
-380575
-141312
-759647
-34725
864525
-546287
715211
163172
-212860
-551407
-951453
430173
-97071
-798132
-796786
-901724
840837
465787
384204
499898
-704026
-164974
501625
-367466
-624697
764583
-560273
-782425
-217869
-627846
221769
210789
-878397
317349
-139325
965651
-432305
-779551
-476995
43667
502721
-368142
-564514
60133
-739131
-751312
-757163
-680002
-949092
746804
-733253
-778047
520528
950811
899733
-679716
-988670
-864902
837749
356930
659679
575582
961727
-60800
74929
-122626
-962935
696638
191250
-301568
82332
-220395
62139
-808348
-604520
-244985
927994
-512239
878643
-355809
-817598
471546
-555359
912166
253276
883949
68752
-372609
-834244
-238600
-977845
91552
-880530
-51976
-813570
-67155
-991057
428223
-423143
-172493
579224
-860959
-471347
392445
385781
-21477
697267
-720233
-696908
755937
704780
732765
-531847
-755453
562211
638398
708943
217211
-708273
-288237
971128
-529451
-793196
678166
710885
60859
-155415
112768
-32319
-220004
-649195
-541629
779431
-577415
691507
519521
100213
863180
-630060
-693145
179512
116885
-692669
239370
-456250
-978174
738787
585180
252779
380602
-200011
505515
153147
641606
-965770
-454921
559239
-889572
728677
326797
-678294
-807094
263331
-934076
-553981
191291
-697294
-329261
-965187
-440407
744736
-969906
144073
867104
-287043
-832709
901165
708267
-919929
170837
6262
-377955
373159
554844
739465
-556547
921876
-866665
152856
43151
-725034
640872
553520
-263813
-423067
969226
-210578
449437
-27344
188649
-290990
-479768
-262599
475805
605995
-911753
844893
-310267
506802
-962894
-520015
71932
929587
283417
-840056
473787
-788250
81072
461330
-79413
336732
-575097
-307297
29092
-274539
-716315
-856703
475623
619310
725265
-807026
46133
904759
-805700
956356
220458
-776541
-799858
440712
-145798
38361
-592053
552967
-299354
809575
803618
748989
1498
515798
210322
-427244
-473882
705560
305913
105892
622551
600862
-563013
-880615
30386
-679546
-521973
-441806
-365108
164210
292697
764006
838345
796660
-390824
722721
-767057
-354139
-993109
-947028
720294
-726571
445227
427818
-522802
-583204
295767
-673218
-936003
948623
829913
606026
-479597
186062
-980175
-155053
209980
117819
1408
-84352
-543038
438021
-551309
-516031
-826036
336482
-126262
-666099
359352
37147
-49404
324803
-888112
60737
-800855
-177358
245675
941565
137012
103348
675491
528645
-964966
153845
-422034
507435
-499973
-115119
-960805
660111
343140
-683812
-578517
691573
-212801
-438533
-106486
436145
866904
59183
-307800
-396097
581644
-274190
500857
-31505
994576
948282
-330235
486077
887131
-843622
-788500
-334657
-215503
-509816
658938
-543561
-951858
233017
-880797
343496
-919253
-590552
-635365
