-999822
-999600
-999370
-999312
-998370
-998365
-998203
-998085
-997952
-997939
-997866
-997712
-997638
-997541
-997479
-997197
-997144
-996770
-996356
-996318
-996111
-995961
-995883
-995768
-995756
-995649
-995405
-995383
-995314
-995161
-994821
-994206
-994167
-993991
-993894
-993678
-993663
-993613
-993003
-992876
-992825
-992698
-992438
-992175
-991675
-991627
-991321
-991253
-990435
-990306
-990197
-989876
-989781
-989708
-989594
-989138
-987954
-987644
-987324
-987138
-986746
-985991
-985941
-985659
-985632
-985556
-985381
-985119
-985079
-985075
-985021
-984647
-984464
-984404
-983831
-983815
-983328
-982937
-982916
-982910
-982859
-982550
-982539
-982443
-982324
-982204
-981831
-981657
-981348
-980986
-980982
-980615
-980335
-980272
-979701
-979490
-979129
-978730
-978353
-978085
-977715
-977651
-977458
-977226
-977164
-977139
-976850
-976784
-976326
-975925
-975884
-975651
-975594
-975530
-975312
-975073
-975072
-974976
-974639
-974546
-974545
-974298
-974022
-973881
-973695
-973484
-973252
-973213
-973192
-972837
-972709
-972646
-972493
-972429
-972414
-972243
-972072
-972071
-972057
-971806
-971783
-971738
-971544
-971501
-971326
-971134
-971045
-970726
-970653
-970398
-970309
-970217
-969850
-969355
-969212
-968951
-968858
-968742
-967709
-967625
-967586
-966741
-966647
-966596
-966530
-965923
-965830
-965411
-964913
-964665
-964648
-964474
-964086
-964017
-963675
-963623
-963550
-963307
-963233
-962982
-962972
-962907
-962836
-962605
-962520
-962433
-962417
-962199
-962077
-961669
-961543
-961243
-961060
-960587
-960480
-960355
-959714
-959548
-959492
-959484
-959246
-958955
-958248
-957866
-957857
-957737
-957657
-957256
-956904
-956884
-956801
-956542
-956445
-955859
-955804
-955307
-955294
-955179
-955058
-954834
-954722
-954505
-954051
-953870
-953712
-953565
-953489
-953481
-952802
-952438
-952289
-952249
-952111
-951896
-951459
-951246
-951001
-950997
-950982
-950745
-950599
-950522
-950214
-950184
-949711
-949546
-949479
-949028
-948765
-948624
-948484
-948351
-948338
-948141
-948093
-947645
-947580
-947158
-947078
-946872
-946855
-946824
-946772
-946755
-946541
-946090
-946076
-946033
-945607
-945414
-945200
-944749
-944111
-944044
-943950
-943542
-943295
-943204
-942945
-941945
-941859
-941178
-940831
-940633
-940569
-940464
-940427
-940362
-939714
-939684
-939639
-939549
-939388
-939176
-939072
-938956
-938734
-938459
-938364
-938144
-938048
-937976
-937682
-937653
-937363
-937319
-937038
-936851
-936725
-936687
-936658
-936572
-936513
-936395
-936373
-936245
-936206
-935875
-935191
-935090
-934021
-933804
-933772
-933262
-932971
-932914
-932672
-932585
-932490
-932424
-932238
-932196
-932180
-932122
-931970
-931831
-931773
-931286
-931126
-930951
-930879
-930791
-930788
-930644
-930499
-930471
-930438
-929969
-929769
-929735
-929614
-929525
-929444
-928947
-928753
-928750
-928719
-928487
-928386
-928328
-928212
-928209
-928059
-927962
-927940
-927780
-927477
-927262
-927038
-926733
-926681
-926191
-926190
-926045
-926014
-925986
-925720
-925562
-925464
-925320
-924979
-924900
-924894
-924628
-924587
-924211
-924208
-923872
-923181
-922613
-922566
-922561
-922417
-922321
-922189
-922185
-921652
-921191
-921045
-920898
-920713
-920673
-920554
-920536
-920123
-920113
-920006
-919962
-919621
-919511
-919427
-919211
-919129
-919057
-919014
-918938
-918861
-918628
-917978
-917080
-916736
-916121
-916051
-915988
-915907
-915854
-915654
-915286
-915180
-914829
-914497
-914329
-914146
-914130
-913904
-913772
-913258
-912674
-912121
-912071
-911639
-911520
-911476
-911470
-911419
-911151
-911135
-911076
-910996
-910965
-909902
-909619
-909522
-909443
-909381
-909240
-909110
-908837
-908773
-908648
-908631
-908615
-908349
-908228
-907776
-907691
-907689
-907681
-907402
-907363
-907226
-906877
-906859
-906844
-906197
-906154
-906071
-906035
-905819
-905775
-905763
-905640
-905530
-905241
-905158
-905091
-904963
-904640
-904423
-904368
-904062
-903488
-903392
-902987
-902971
-902959
-902951
-902757
-902739
-902694
-902601
-902425
-902207
-902012
-901749
-901737
-901732
-901427
-901413
-901331
-901244
-901149
-901097
-899717
-899699
-899517
-898742
-898692
-897824
-897764
-897463
-897395
-897306
-897244
-897113
-896684
-896506
-896298
-896295
-896261
-896119
-896012
-895993
-895986
-895763
-895647
-895279
-895217
-895156
-894285
-893793
-893572
-893470
-893449
-893242
-892627
-892443
-892438
-892221
-891709
-891561
-891435
-891347
-891264
-891046
-890934
-890813
-890617
-890342
-890044
-889520
-889507
-889231
-888823
-888799
-888338
-888311
-887608
-887592
-887415
-887175
-886570
-886562
-885826
-885439
-885234
-884998
-884893
-884773
-884713
-884603
-884510
-884372
-884343
-884234
-883929
-883727
-883646
-883554
-883397
-882883
-882728
-882005
-881931
-881771
-881506
-881295
-881262
-881160
-881044
-881015
-880900
-880812
-880232
-880155
-879974
-879971
-879961
-879616
-879580
-879145
-878759
-878546
-878481
-878290
-877874
-877570
-877253
-877195
-877166
-877038
-876810
-876806
-876349
-875914
-875543
-875526
-875519
-875502
-875263
-875164
-874921
-874790
-874716
-874251
-874118
-874052
-873689
-873572
-873117
-872952
-872901
-872505
-872358
-871997
-871825
-871693
-871576
-871538
-871429
-871159
-871049
-870987
-870879
-870463
-869927
-869769
-869712
-869615
-869517
-869371
-868512
-868328
-868324
-868232
-868031
-867683
-867679
-867275
-867047
-866781
-866593
-866566
-866545
-866277
-866079
-865090
-864767
-864720
-864527
-864082
-863928
-863908
-863876
-863534
-863506
-863383
-862609
-862566
-862443
-861926
-861911
-861687
-860748
-860598
-860182
-860033
-859871
-859395
-859022
-858927
-858856
-858615
-858380
-858340
-858285
-857761
-857576
-857262
-857161
-857150
-857078
-857024
-856836
-856579
-856410
-856341
-856058
-855983
-855903
-855758
-854989
-854840
-854681
-854451
-853807
-853715
-853534
-853482
-853126
-853084
-852915
-852834
-852782
-852514
-852392
-852065
-851956
-851752
-851677
-851182
-851063
-850675
-850487
-850067
-849870
-849692
-849468
-849339
-848791
-848657
-848553
-848315
-847972
-847621
-847582
-847352
-847313
-847155
-847075
-846443
-846259
-846082
-846051
-845955
-845894
-845789
-845164
-845091
-844335
-844278
-844166
-843687
-843631
-843454
-843154
-843067
-843040
-843023
-842965
-842902
-842093
-842084
-841577
-841480
-841392
-841008
-841002
-840899
-840665
-840250
-840025
-839666
-839567
-838655
-838411
-838346
-838291
-838254
-838004
-837825
-837744
-837685
-837563
-837049
-837037
-836891
-836645
-836574
-836540
-835961
-835719
-835202
-835073
-834696
-834490
-834473
-834329
-834171
-834009
-833293
-833051
-832978
-832944
-832901
-832893
-832779
-832672
-832641
-832376
-832110
-831891
-831814
-831646
-831563
-831365
-831303
-830653
-830417
-830384
-830165
-830017
-829832
-829630
-829521
-829254
-829193
-828909
-828895
-828495
-828353
-828287
-828171
-828139
-827911
-827579
-827403
-827288
-827204
-826984
-826929
-826762
-826752
-826547
-826376
-825912
-825893
-824548
-824292
-824172
-823984
-823503
-823328
-823271
-823186
-822711
-822689
-822400
-822361
-821440
-821128
-820977
-820834
-820812
-820719
-820628
-820418
-820293
-820193
-819713
-819709
-819514
-819512
-819404
-819296
-819207
-819182
-819130
-818933
-818860
-818798
-818591
-818550
-818404
-818200
-818110
-817930
-817800
-817772
-817369
-817327
-817189
-817120
-816907
-816800
-816376
-816355
-816282
-815971
-815863
-815635
-815507
-815331
-815329
-815228
-815200
-814901
-814401
-814098
-813360
-813254
-813228
-813198
-813079
-812989
-812983
-812979
-812665
-812607
-812360
-812263
-812220
-812201
-812040
-811565
-811450
-811055
-810833
-810585
-810178
-810074
-810026
-809990
-809970
-809910
-809861
-809804
-809776
-809592
-809520
-809004
-808982
-807980
-807830
-807795
-807704
-807669
-807644
-807323
-807059
-806116
-806106
-805952
-805917
-805864
-805670
-805467
-805450
-805355
-805344
-805299
-805287
-805116
-804728
-804579
-804226
-803987
-803962
-803946
-803930
-803199
-803181
-802939
-802432
-802147
-801759
-801370
-801329
-801323
-801260
-801209
-801090
-801036
-800862
-800799
-800566
-800557
-800490
-800410
-800352
-800152
-799994
-799884
-799749
-799596
-799203
-798834
-798828
-798272
-798252
-798044
-798018
-797889
-797169
-796827
-796704
-796625
-796599
-796512
-796234
-796133
-795594
-795281
-795022
-794932
-794873
-794816
-794763
-794180
-794161
-794042
-793665
-793492
-793178
-793108
-792966
-792792
-792607
-792470
-792097
-792068
-791927
-791813
-791784
-791667
-791570
-791568
-791447
-791330
-791238
-791166
-791121
-790825
-790771
-790765
-790623
-790324
-790071
-790048
-789887
-789662
-789656
-789623
-789561
-789442
-789222
-788932
-788801
-788474
-788433
-787910
-787624
-787455
-787448
-786834
-786766
-786392
-786247
-785997
-785822
-785622
-785583
-785044
-784994
-784703
-783872
-783692
-783211
-782642
-782636
-782396
-782167
-781935
-781554
-780924
-780788
-780761
-780243
-780013
-779788
-779517
-779494
-779451
-779415
-778939
-778909
-778904
-778557
-778481
-778401
-778182
-778010
-778000
-777841
-777596
-777335
-777298
-776915
-776857
-776786
-776079
-775628
-775366
-775081
-774829
-774454
-774423
-774404
-774323
-773975
-773970
-773556
-773501
-773498
-773317
-773134
-773123
-773065
-772610
-772597
-772392
-772232
-771967
-771946
-771375
-771366
-770977
-770949
-770753
-770488
-770482
-770476
-770458
-770376
-770232
-770164
-769987
-769490
-769324
-769315
-769136
-769041
-768989
-768688
-768289
-768193
-768126
-767895
-767703
-767681
-767650
-767630
-767527
-767420
-767058
-766979
-766826
-766584
-766484
-766377
-766136
-766029
-766018
-766016
-766001
-765883
-765733
-765673
-765411
-765343
-765107
-764842
-764784
-764279
-763645
-762237
-762114
-762086
-761538
-761478
-761471
-761414
-761357
-761192
-760666
-760626
-760256
-759739
-759610
-759585
-759118
-758352
-758250
-758186
-757271
-757128
-757125
-757102
-757082
-756872
-756639
-756495
-756353
-756271
-755463
-755162
-755147
-755103
-754886
-754475
-754337
-754014
-753924
-753226
-753109
-753042
-752575
-752539
-752356
-751999
-751814
-751776
-751772
-751711
-751670
-750917
-750866
-750783
-750701
-750655
-750048
-749644
-749251
-749023
-748919
-748785
-748526
-748308
-748055
-747810
-747662
-747429
-746993
-746785
-746023
-745875
-745302
-744895
-744885
-744828
-744661
-744442
-744432
-743961
-743595
-743472
-742873
-742742
-742621
-742302
-742299
-742023
-741880
-741595
-741381
-741214
-740921
-740776
-740470
-740344
-740243
-739794
-739739
-739517
-739378
-739273
-739237
-739131
-738477
-737916
-737818
-737400
-737064
-736950
-736654
-736586
-736330
-736069
-735800
-735762
-735510
-735084
-734991
-734904
-734886
-734760
-734494
-734370
-734276
-733985
-733542
-733424
-733258
-732647
-732494
-732390
-732208
-731540
-731484
-731192
-730823
-730728
-730656
-730414
-730307
-729924
-729778
-729421
-729420
-729367
-729339
-729168
-728889
-728739
-728177
-728131
-728094
-727917
-727615
-727491
-727464
-727461
-727177
-726606
-726423
-726388
-725985
-725681
-725565
-725492
-725401
-725386
-725270
-724999
-724695
-724115
-724103
-723958
-723725
-723340
-723203
-723166
-723116
-723026
-722729
-722726
-722490
-722316
-722158
-722140
-721740
-721719
-721675
-721562
-721520
-721418
-721248
-721228
-721179
-721092
-721035
-719716
-719506
-719433
-719338
-719147
-718802
-718612
-718586
-718444
-718341
-718211
-717974
-717623
-717486
-717440
-717363
-717209
-716966
-716747
-716604
-716585
-716501
-716477
-716458
-716334
-716178
-716111
-715805
-715404
-715274
-715172
-715074
-714382
-714239
-714193
-714080
-714003
-713937
-713629
-713317
-713289
-712675
-712648
-712554
-712334
-711880
-711400
-711390
-711341
-711273
-711186
-711135
-710964
-710763
-710270
-709739
-709462
-709461
-709413
-709224
-708794
-708752
-708387
-707364
-707003
-706633
-706605
-706501
-706316
-706194
-706058
-706037
-705928
-705897
-705828
-705787
-705611
-705373
-705312
-705136
-705040
-704888
-704777
-704707
-704442
-704049
-704008
-703719
-703621
-703491
-703400
-703127
-703078
-703077
-702866
-702624
-702269
-702198
-702008
-701922
-701877
-701621
-701582
-701490
-701139
-701063
-700830
-700683
-700681
-700523
-700504
-700265
-700258
-699835
-699830
-699625
-699442
-699428
-699412
-699169
-698942
-698781
-698733
-698441
-698318
-698186
-697545
-697356
-697257
-696491
-696111
-695891
-695869
-695436
-695388
-695322
-695150
-695094
-695078
-694947
-694921
-694912
-694724
-694648
-694629
-693945
-693920
-693842
-693659
-693517
-693486
-693451
-693335
-692866
-692777
-692319
-692239
-691470
-691399
-690974
-690320
-690249
-690037
-689948
-689844
-689453
-689095
-688814
-688688
-688411
-688175
-687891
-687851
-687761
-687690
-687629
-687580
-687546
-687265
-687212
-687188
-687134
-687112
-686995
-686952
-686421
-686355
-686328
-686266
-686120
-685347
-685249
-685120
-685007
-684712
-684404
-683723
-683715
-683528
-683464
-683312
-683310
-683095
-682863
-682745
-682657
-682613
-682262
-682240
-682233
-682227
-682140
-682131
-681996
-681604
-681297
-681255
-681197
-681155
-681120
-680848
-680229
-680172
-679960
-679233
-679084
-678614
-678371
-678271
-678232
-678119
-678076
-677752
-677368
-677190
-677039
-676985
-676906
-676861
-676730
-676314
-675979
-675252
-674165
-673737
-673702
-673687
-673461
-673374
-673031
-672868
-672763
-672420
-672308
-672170
-672150
-672128
-670989
-670739
-670553
-670260
-670258
-669945
-669828
-669290
-669262
-668731
-668602
-668570
-668537
-668178
-668094
-667963
-667961
-667698
-667105
-667012
-666841
-666535
-666168
-666137
-666083
-665985
-665974
-665655
-665589
-665538
-665313
-665198
-665026
-664490
-664349
-664235
-663618
-663477
-663442
-663422
-662907
-662888
-662338
-662252
-661779
-661686
-661620
-661501
-661469
-660768
-660657
-660645
-660567
-660405
-660242
-659959
-659882
-659824
-659797
-659610
-659264
-659161
-658972
-658695
-658523
-658226
-658183
-657940
-657630
-657500
-657234
-657099
-656775
-656743
-656652
-656587
-656555
-656345
-656275
-656258
-656021
-655903
-655836
-655777
-655712
-655309
-655131
-655066
-655028
-654791
-654650
-654344
-654164
-654047
-653994
-653799
-653700
-653475
-653454
-653248
-652638
-652490
-652454
-652438
-652330
-652208
-651971
-651947
-651814
-651800
-651726
-651463
-651381
-651320
-651049
-650669
-650533
-650375
-650317
-650304
-649623
-649563
-649535
-649464
-649026
-648968
-648819
-648636
-648383
-648313
-648142
-648139
-648039
-647862
-647619
-647562
-647270
-646862
-646603
-646397
-646293
-646255
-646217
-646070
-645936
-645883
-645839
-645746
-645422
-645369
-645048
-644681
-644664
-644453
-644444
-644443
-644192
-644108
-643811
-643681
-643250
-642654
-642651
-642562
-642064
-641747
-641646
-641042
-640967
-640694
-640485
-640430
-639994
-639991
-639541
-639441
-639431
-638908
-638666
-638643
-638046
-637008
-636601
-636531
-636147
-635863
-635717
-635267
-635152
-634669
-634437
-634241
-634132
-634022
-633904
-633768
-633491
-633444
-632797
-632406
-632400
-632375
-632192
-632097
-631718
-631666
-631421
-631128
-631121
-631005
-630941
-630865
-630738
-630696
-630540
-630344
-629617
-629450
-629209
-628955
-628928
-628902
-628827
-628778
-628598
-628463
-628432
-628263
-628205
-627945
-627746
-627447
-627434
-627043
-626688
-626356
-626312
-626202
-625682
-625665
-625564
-625535
-625481
-625438
-625409
-625225
-625189
-624813
-624412
-624402
-623681
-623643
-622986
-622800
-622527
-622407
-622208
-622202
-621870
-621272
-621048
-620740
-620597
-620429
-620357
-620042
-619927
-619869
-619629
-619402
-619334
-619242
-619125
-619034
-619011
-618793
-618690
-618506
-618482
-618275
-616929
-616806
-616640
-616600
-616315
-616098
-616091
-616029
-615823
-615756
-615715
-615580
-614934
-614564
-614563
-613821
-613184
-613013
-612905
-612705
-612685
-612502
-612430
-612333
-611877
-611748
-611631
-611582
-611200
-611190
-610840
-610623
-609853
-609433
-608580
-608509
-608290
-608178
-608120
-608078
-607920
-607738
-607655
-607570
-607539
-606979
-606933
-606695
-606640
-606512
-606405
-606396
-606084
-606059
-606050
-605513
-605492
-605467
-605427
-605099
-605041
-604467
-603872
-603507
-603443
-603207
-602579
-602438
-602156
-602112
-602039
-601915
-601914
-601450
-601242
-600808
-600685
-600559
-599239
-598915
-598879
-598869
-598858
-598440
-598220
-598173
-597835
-597833
-597749
-597585
-597563
-597107
-596963
-596776
-596712
-596362
-596120
-596078
-595971
-595893
-595877
-595527
-594899
-594748
-594579
-594325
-593537
-593444
-593399
-592638
-592635
-592407
-592407
-592177
-591908
-591882
-591743
-591720
-591638
-591468
-591370
-591353
-591280
-591141
-591124
-590876
-590413
-590333
-590191
-590121
-589956
-589782
-589678
-589650
-589533
-589515
-589511
-589306
-589165
-588993
-588968
-588713
-588670
-588545
-588295
-587725
-587453
-587360
-587233
-586966
-586571
-586343
-586251
-586058
-585689
-585624
-585502
-585380
-585376
-585139
-584802
-583970
-583948
-583833
-583814
-583778
-583578
-582759
-582309
-582122
-581974
-581596
-581480
-580939
-580191
-580087
-579959
-579949
-579567
-579069
-579040
-578990
-578479
-578199
-578176
-578115
-577899
-577891
-577834
-577834
-577699
-577535
-577449
-577410
-577406
-577152
-576808
-576625
-576431
-576316
-575834
-575827
-575436
-574918
-574397
-574262
-573890
-573479
-573369
-573187
-572548
-572461
-572333
-572087
-571983
-571462
-571364
-571161
-571032
-570890
-570836
-570381
-570240
-570151
-569757
-569661
-569649
-569588
-569252
-569243
-569162
-568905
-568562
-568353
-568193
-568040
-567961
-567602
-567502
-567385
-567078
-566920
-566813
-566791
-566641
-566376
-566129
-565903
-565761
-565708
-565683
-565285
-564970
-564929
-564645
-564519
-564462
-564348
-564088
-563225
-563119
-562945
-562150
-562102
-561772
-561687
-561413
-560989
-560979
-560929
-560923
-560835
-560741
-560522
-560496
-560132
-560059
-559741
-559680
-559585
-559546
-559371
-559185
-559146
-559143
-558992
-558983
-558877
-558765
-558688
-558490
-558402
-558358
-558224
-558120
-557878
-557790
-557233
-557042
-556906
-556564
-556560
-556364
-555578
-555186
-555048
-555022
-554976
-554740
-554669
-554667
-554479
-554355
-553940
-553608
-553500
-553448
-553372
-552989
-552809
-552567
-551930
-551784
-551761
-551642
-551533
-551364
-551226
-551178
-551172
-550748
-549936
-549190
-549156
-549124
-548950
-548869
-548541
-548231
-548138
-548127
-548011
-547968
-547540
-547394
-547362
-547154
-546734
-546409
-546137
-546016
-545774
-545370
-545232
-545056
-544930
-544887
-544261
-544184
-543773
-543662
-543653
-543578
-543556
-543285
-543222
-543071
-542769
-542472
-542460
-542210
-542014
-541984
-541893
-541418
-540719
-540687
-540647
-540544
-540520
-540270
-540158
-540065
-540053
-539775
-539754
-539749
-539560
-539142
-539128
-539066
-538771
-538583
-538500
-538483
-538062
-537975
-537962
-537831
-537559
-537375
-536676
-536616
-536486
-536428
-536360
-536346
-536273
-536000
-535572
-535520
-535392
-535296
-534431
-534068
-534064
-533806
-533697
-533310
-533286
-533109
-533090
-532986
-532428
-532230
-532199
-531824
-531754
-531712
-531703
-531662
-531484
-531071
-530840
-530565
-530200
-529834
-529655
-529269
-528752
-528681
-528655
-528636
-528621
-528304
-528181
-528081
-528067
-527944
-527694
-527513
-527426
-527358
-527322
-527087
-526750
-526486
-526321
-526266
-526000
-525998
-525758
-525563
-525293
-524226
-524148
-524022
-523923
-523736
-523683
-523495
-523442
-523367
-523319
-523267
-523113
-522861
-522732
-522711
-522495
-522438
-522400
-522225
-522199
-521757
-521607
-521574
-521336
-520722
-520395
-520309
-520240
-520165
-520154
-520066
-519443
-519378
-519237
-519140
-518885
-518638
-518482
-518453
-517862
-517843
-517830
-517702
-517677
-517566
-517408
-517082
-516951
-516773
-516690
-516498
-516328
-516299
-516176
-516103
-515709
-515306
-515290
-514670
-514609
-514381
-514301
-514147
-514041
-513931
-513824
-513760
-513601
-513526
-513238
-513012
-512788
-512632
-512617
-512504
-512425
-512366
-511714
-511642
-511506
-510962
-510906
-510610
-510478
-510391
-510059
-510024
-509642
-509515
-509492
-509468
-509356
-509272
-508890
-508622
-508401
-508398
-508040
-508036
-507618
-507087
-506920
-506710
-506477
-506012
-505963
-505876
-505739
-505668
-505374
-505135
-505021
-504837
-504005
-503847
-503805
-503658
-503409
-503381
-503294
-503243
-503201
-503134
-503028
-502080
-501867
-501037
-500877
-500759
-500747
-500723
-500149
-499828
-499821
-499649
-499518
-499141
-499047
-498963
-498461
-498268
-498124
-496692
-496540
-496376
-496207
-496008
-495635
-495575
-495189
-495175
-495171
-494586
-494534
-494249
-494062
-493291
-493266
-492960
-492743
-492631
-492395
-492394
-492338
-492237
-492220
-492209
-492159
-492062
-492013
-492005
-491985
-491544
-491039
-490987
-490884
-490704
-490541
-490415
-490245
-490029
-489851
-489579
-489490
-489379
-488959
-488714
-488513
-488211
-487927
-487806
-487771
-487602
-487389
-487378
-487259
-487155
-486881
-486849
-486782
-486206
-486123
-486070
-486068
-486007
-486002
-485784
-485617
-485617
-485603
-485149
-485032
-484725
-484376
-484249
-484219
-484154
-483707
-483665
-483460
-483425
-483325
-483187
-482940
-482738
-482555
-482390
-482182
-482072
-481928
-481678
-481605
-481508
-481492
-481467
-481445
-481360
-481342
-481248
-481210
-480535
-480371
-480105
-479990
-479687
-479644
-479560
-479423
-479092
-479062
-479044
-478958
-478873
-478714
-478465
-478370
-478118
-477938
-477475
-477330
-477093
-476713
-476628
-476315
-476297
-476248
-476216
-476189
-476161
-476078
-475728
-475425
-475394
-474910
-474859
-474534
-473859
-473859
-473539
-473056
-472948
-472697
-472623
-472478
-472279
-471959
-471783
-471571
-471467
-471370
-471345
-470668
-470482
-470295
-470270
-470165
-469953
-469860
-469789
-469753
-469329
-469300
-469292
-469084
-468991
-468845
-468759
-468566
-468557
-468176
-467975
-467966
-467908
-467772
-467592
-467479
-467338
-467316
-467292
-467182
-466955
-466883
-466871
-466867
-466813
-466679
-466620
-466554
-466543
-466513
-466403
-465713
-465592
-465545
-465516
-465408
-465125
-464752
-463875
-463815
-463722
-463678
-463666
-463522
-463467
-462956
-462852
-462736
-462244
-462114
-461794
-461674
-461609
-461438
-461357
-461304
-460844
-460629
-460427
-460248
-460043
-459708
-459538
-459501
-459297
-459063
-459023
-458939
-458569
-457975
-457951
-457758
-456871
-456787
-456592
-456564
-456532
-456517
-456378
-456330
-456294
-456001
-455745
-455510
-455176
-454847
-454814
-454321
-454274
-454204
-453926
-453326
-453096
-453053
-452914
-452861
-452824
-452580
-452076
-452036
-451713
-451376
-451138
-450697
-450066
-449986
-449924
-449190
-448943
-448697
-448372
-448360
-448037
-447962
-447732
-447596
-447314
-447306
-447034
-446959
-446214
-445979
-445506
-445380
-444714
-444551
-444365
-444355
-444340
-444321
-444045
-443953
-443626
-443461
-443187
-442977
-442700
-442549
-442502
-442498
-442397
-442281
-442235
-441829
-441449
-441053
-441003
-440866
-440607
-440426
-440398
-440204
-440167
-439894
-439861
-439750
-439608
-439054
-438915
-438850
-438465
-438046
-437796
-437382
-437278
-437196
-437005
-436955
-436694
-436645
-436492
-436227
-435486
-435380
-435077
-434793
-434640
-434053
-433768
-433726
-433517
-433395
-433359
-432918
-432785
-432559
-432516
-432272
-432097
-432023
-431868
-431830
-431677
-431594
-431379
-431244
-431229
-430979
-430918
-430816
-430809
-430568
-430563
-430136
-429913
-429850
-429390
-429361
-429358
-429211
-429138
-428728
-428629
-428244
-428033
-427798
-427405
-427392
-427289
-427262
-427216
-426827
-426785
-426673
-426586
-426564
-426528
-426363
-426232
-425939
-425850
-425469
-425381
-425192
-425086
-425017
-424574
-424567
-424246
-423853
-423790
-423326
-423225
-423220
-423196
-422965
-422963
-422305
-422026
-421910
-421773
-421519
-421328
-421079
-420715
-420213
-419748
-419700
-419228
-418666
-418606
-418477
-418309
-417962
-417905
-417832
-417754
-417498
-417103
-416562
-416530
-416325
-416321
-416105
-416097
-415689
-415652
-415490
-415435
-415212
-415181
-415081
-414846
-414777
-414720
-414707
-414556
-414300
-414243
-413809
-413619
-413594
-413566
-413246
-413202
-413178
-413019
-412493
-412461
-412455
-412155
-411552
-411309
-411023
-410982
-410934
-410877
-410415
-410323
-410258
-410207
-409820
-409490
-409462
-409146
-409000
-408724
-408712
-408392
-408387
-408250
-407979
-407462
-407415
-407168
-407038
-406981
-406922
-406818
-406800
-406554
-406095
-406074
-406042
-405960
-405926
-405889
-405812
-405685
-405607
-405519
-405457
-405318
-405195
-405174
-405165
-405150
-404013
-403893
-403691
-403207
-403138
-402944
-402918
-402639
-402524
-402107
-402094
-402028
-401934
-401802
-401655
-401544
-401468
-401451
-401242
-401198
-400929
-400782
-400761
-400630
-400385
-400295
-400093
-399751
-399595
-399512
-399467
-399450
-399289
-399258
-399238
-399221
-399156
-398716
-398671
-398670
-397307
-396962
-396927
-396222
-396198
-396073
-396021
-395971
-395968
-395838
-395804
-395739
-395045
-394968
-394797
-394377
-394360
-394281
-393639
-393625
-393182
-393110
-392907
-392747
-392685
-392591
-392469
-392180
-391513
-391458
-391167
-390925
-390584
-390099
-390011
-389917
-389341
-389060
-388617
-388403
-387944
-387379
-386941
-386673
-386544
-386381
-386164
-385744
-385461
-385339
-384804
-384682
-384680
-384619
-384153
-384086
-383935
-383851
-383083
-382775
-382680
-382393
-382204
-382084
-381823
-381725
-381639
-381590
-381526
-381416
-381353
-381352
-381351
-380920
-380781
-380695
-380678
-380209
-379980
-379546
-379530
-378920
-378768
-378106
-378057
-377960
-377894
-377447
-377267
-376992
-376890
-376656
-376655
-376038
-375974
-375918
-375772
-375561
-375202
-375159
-374897
-374799
-374510
-373462
-373198
-372571
-372527
-372301
-372301
-372066
-371883
-371748
-371661
-371315
-370792
-370671
-370380
-370316
-369724
-369656
-369564
-369396
-369331
-369275
-369265
-369259
-369046
-368584
-368570
-367765
-367760
-367242
-367130
-366555
-366524
-366421
-365963
-365867
-365264
-365241
-365144
-364917
-364711
-364688
-364597
-364550
-364235
-364181
-364059
-363787
-363423
-363091
-363036
-362639
-362511
-362420
-362193
-361152
-361107
-361077
-361010
-360829
-360773
-360617
-360395
-360112
-359788
-359417
-358758
-358288
-358224
-358217
-357912
-357769
-357677
-357503
-356813
-356675
-356388
-356231
-356061
-355878
-355752
-355626
-355233
-354849
-354797
-354642
-353654
-353605
-353126
-353117
-352778
-352525
-352498
-352423
-351870
-351527
-351456
-351430
-351375
-351353
-351067
-350999
-350961
-350886
-350737
-349844
-349773
-349566
-349224
-348097
-348083
-347981
-347971
-347895
-347623
-347586
-347320
-347047
-346801
-346460
-346140
-345929
-345912
-345865
-345567
-345453
-345252
-344583
-344432
-344322
-344120
-343655
-343218
-343133
-342485
-342467
-342218
-342173
-341982
-341967
-341846
-341829
-341696
-341555
-341453
-341439
-341075
-341035
-341028
-340986
-340548
-340490
-339919
-339770
-339611
-339549
-339409
-339211
-338430
-338408
-338101
-337872
-337702
-337590
-337500
-337463
-337132
-337095
-337011
-336533
-335923
-335729
-335600
-335292
-335042
-334985
-334825
-334787
-334150
-333918
-333862
-333586
-333486
-333093
-332825
-332414
-331781
-331463
-331196
-331064
-330996
-330854
-330853
-330684
-330595
-330507
-330484
-330211
-330128
-329437
-329110
-328942
-328729
-328643
-328546
-328331
-328098
-328037
-327678
-327251
-327179
-326583
-326477
-326434
-326266
-325908
-325528
-325373
-325362
-325114
-325065
-324544
-324408
-324319
-324053
-323785
-323403
-323225
-322520
-322372
-322369
-322249
-322211
-322083
-321560
-321140
-320841
-320747
-320616
-320438
-320136
-320129
-319958
-319825
-319247
-319046
-318960
-318679
-318630
-318540
-318219
-318157
-318010
-317929
-317544
-317543
-317410
-317159
-316821
-316470
-316307
-316050
-315958
-315948
-315591
-315584
-314968
-314711
-314679
-314645
-314386
-314333
-314214
-314107
-314075
-313986
-313875
-313345
-313283
-313262
-313083
-313075
-312943
-312807
-312594
-312521
-312119
-312076
-311833
-311569
-311201
-311169
-310618
-310265
-309989
-309615
-309547
-309397
-309397
-309304
-309006
-308804
-308716
-308618
-308167
-307744
-307569
-307545
-307158
-306980
-306348
-306023
-305476
-305433
-305273
-305185
-305158
-304733
-304671
-304657
-304602
-304548
-304414
-304008
-303752
-303740
-303703
-303629
-303385
-303217
-302097
-302071
-302043
-302016
-301561
-301305
-301159
-300948
-300924
-300815
-300644
-300542
-300486
-300235
-299995
-299913
-299716
-299470
-299179
-299139
-299043
-299003
-299003
-298948
-298807
-298533
-298132
-297863
-297771
-297547
-296678
-296495
-295816
-295552
-295247
-295152
-294895
-294886
-294876
-294705
-294504
-294457
-293798
-293434
-293408
-293031
-292320
-292226
-291976
-291670
-291547
-291382
-291017
-290716
-290136
-290113
-290077
-289916
-289902
-289210
-289168
-288655
-288291
-288162
-288103
-288048
-286924
-286480
-285970
-285883
-285874
-284976
-284477
-284340
-284237
-283816
-283789
-283588
-283216
-283130
-282994
-282958
-282885
-282334
-282292
-281724
-281719
-281687
-281463
-281398
-281115
-279902
-279649
-279599
-279025
-278688
-278497
-278307
-278230
-278225
-278133
-277985
-277524
-277197
-277093
-276891
-276590
-276492
-276349
-275957
-275724
-275406
-275393
-275129
-275012
-274538
-274169
-273795
-273673
-273624
-273559
-273437
-273093
-272691
-272325
-271893
-270844
-270281
-269951
-269933
-269891
-269614
-269517
-269451
-269415
-269237
-269195
-269017
-268948
-268936
-268836
-268759
-268479
-268431
-268303
-267631
-267203
-267041
-266922
-266512
-266289
-265650
-265538
-265447
-265191
-265162
-264908
-264814
-264678
-264611
-264446
-264306
-263995
-263719
-263409
-263297
-263159
-262842
-262803
-262328
-262294
-262067
-261982
-261799
-261385
-261381
-261368
-261174
-261049
-260642
-259862
-259783
-259670
-259455
-259141
-258013
-257859
-257826
-257743
-257406
-256589
-256260
-256213
-255919
-255861
-255598
-255409
-255400
-255203
-255043
-254962
-254812
-254765
-254733
-254730
-254437
-253418
-253241
-253107
-253048
-252914
-252832
-252746
-252604
-252581
-252381
-252156
-251860
-251642
-251411
-250826
-250669
-250407
-250352
-250119
-250089
-249963
-249780
-249603
-249500
-249138
-248547
-248360
-247919
-247651
-247644
-247634
-247203
-246817
-246774
-246387
-246329
-246240
-246053
-245868
-245478
-245351
-245057
-244785
-244626
-244420
-244220
-244026
-243993
-243897
-243875
-243515
-243478
-243154
-242817
-242310
-242211
-242141
-241941
-241496
-241479
-241190
-239928
-239774
-239118
-238911
-238698
-238622
-238616
-238309
-238262
-238144
-237979
-237863
-237727
-237674
-237650
-237568
-237356
-237347
-237100
-236832
-236527
-236480
-236428
-236283
-236210
-236161
-236080
-235461
-235334
-235283
-235244
-234886
-234450
-234427
-234236
-234222
-233955
-233693
-233607
-233404
-232777
-232775
-232665
-232466
-232242
-231685
-231426
-231294
-230916
-230706
-230063
-229981
-229883
-229743
-229605
-229430
-229263
-228876
-228859
-228702
-228415
-228278
-228174
-227974
-227576
-227096
-226774
-226633
-226326
-225855
-225847
-225266
-225140
-224565
-224502
-224457
-224407
-224021
-223991
-223985
-223926
-223542
-223178
-223103
-222330
-222075
-222024
-221733
-220696
-220558
-220526
-220366
-220302
-220206
-220188
-219963
-219916
-219883
-219816
-219412
-219267
-219137
-218358
-218348
-218058
-217909
-216936
-216877
-216817
-216763
-216534
-216170
-216149
-216134
-215781
-215725
-215508
-215446
-215384
-214987
-214923
-214841
-214649
-214564
-214518
-214324
-213741
-213639
-213128
-212866
-212558
-212390
-211965
-211829
-211799
-211754
-211741
-211733
-211495
-211284
-211219
-210837
-210443
-210233
-209862
-209571
-209523
-209218
-209172
-209102
-208872
-208861
-208355
-208241
-208028
-208018
-207901
-207733
-207683
-207458
-207278
-206780
-206534
-206532
-206461
-206457
-206290
-206262
-205903
-205882
-205842
-205759
-205475
-205131
-204999
-204559
-204286
-204244
-204190
-203829
-203787
-203607
-203568
-203388
-203356
-202759
-202605
-202570
-202318
-202256
-202029
-201873
-201739
-201531
-201435
-201306
-201278
-201259
-201162
-201019
-200986
-200844
-200622
-200612
-200493
-199980
-199146
-198854
-198801
-198715
-198713
-198686
-198263
-198198
-197798
-197650
-197612
-197603
-197500
-197457
-197333
-197234
-197031
-196919
-196817
-196755
-196736
-196402
-196386
-196149
-196092
-195851
-195066
-194399
-194392
-194368
-194354
-194334
-193898
-193737
-193702
-193622
-193551
-193263
-193060
-192429
-192240
-192187
-191934
-191753
-191644
-190541
-190458
-190423
-190422
-190366
-190245
-190072
-190030
-189832
-189523
-189368
-189167
-188860
-188830
-188780
-188509
-188506
-188459
-188342
-188133
-187574
-187244
-187213
-187150
-186832
-186758
-186558
-186356
-185892
-185769
-185671
-185461
-185397
-185381
-185313
-185211
-185143
-183889
-183875
-183873
-183779
-183704
-183381
-183010
-182895
-182732
-182474
-181810
-181338
-181175
-180489
-180182
-180032
-179864
-179695
-179657
-179630
-179164
-178570
-178557
-178540
-178391
-178319
-178209
-178152
-177953
-177614
-177252
-177211
-177059
-176980
-176242
-176042
-175865
-175553
-175336
-175308
-175163
-174948
-174909
-174136
-174130
-174115
-173689
-173655
-173381
-173299
-173255
-173170
-173000
-172936
-172795
-172641
-172168
-171659
-171501
-171421
-171380
-171355
-171168
-170912
-170617
-170504
-170274
-170070
-170020
-169927
-169542
-169222
-169098
-169097
-169067
-168914
-168904
-168809
-168667
-168211
-167748
-167636
-167586
-167538
-167400
-167046
-167018
-166796
-166658
-166599
-166384
-165648
-165539
-165522
-165346
-165296
-165290
-165185
-165159
-165111
-165001
-164385
-164176
-164135
-163997
-163887
-163729
-163406
-163397
-163171
-163111
-162904
-162887
-162772
-162041
-161913
-161735
-161502
-161490
-161466
-160699
-160275
-160020
-159637
-159547
-159292
-159185
-159132
-159084
-159051
-158778
-158734
-158307
-158242
-158005
-157740
-157715
-157622
-157615
-157366
-157357
-157285
-157247
-157156
-157029
-156519
-156411
-155937
-155756
-155751
-155697
-155655
-155609
-155595
-155535
-155520
-155154
-155091
-155025
-154684
-154595
-154568
-154073
-154036
-153970
-153623
-153616
-153510
-153408
-153337
-153255
-153157
-153073
-152583
-152497
-152272
-152111
-152046
-151982
-151855
-151697
-151534
-151441
-150997
-150777
-149467
-149029
-148883
-148600
-148304
-148290
-148081
-148078
-148010
-147879
-147776
-147724
-147489
-147270
-147048
-146760
-146657
-146569
-146346
-145589
-145587
-145521
-144904
-144557
-143606
-143148
-143062
-142821
-142656
-142596
-142556
-142221
-142113
-142004
-141869
-141838
-141670
-141195
-140898
-140822
-140695
-140665
-140331
-140207
-140204
-139897
-139794
-139305
-139238
-139167
-138868
-138620
-138551
-138358
-138010
-137742
-137353
-137259
-137111
-137106
-137056
-136876
-136830
-136727
-136676
-136391
-136269
-136220
-135956
-135821
-135432
-135408
-135379
-135294
-135237
-135117
-134687
-134410
-134374
-134023
-133634
-132578
-132427
-132393
-131981
-131871
-131594
-131544
-131536
-131398
-131329
-130801
-130592
-130478
-130451
-130166
-129331
-129208
-129157
-129111
-128911
-127947
-127922
-127713
-127634
-127271
-126951
-126696
-126651
-126408
-126367
-126305
-126243
-126169
-125869
-125777
-125723
-125533
-125439
-125348
-124947
-124941
-124911
-124502
-124334
-124065
-123677
-123621
-122807
-122613
-122590
-122429
-122340
-122231
-122172
-121705
-121700
-121631
-121567
-121448
-121309
-121044
-120995
-120915
-120818
-120659
-120516
-120424
-120424
-119531
-119337
-119164
-119107
-118457
-118454
-118431
-118416
-118300
-117855
-117770
-117363
-117031
-116887
-116793
-116411
-116317
-116233
-116089
-115894
-115885
-115871
-115782
-115435
-115405
-115247
-115165
-114836
-114737
-114495
-114362
-113640
-113594
-113556
-113478
-113478
-113451
-113237
-113166
-112814
-112744
-112680
-112539
-112329
-112100
-112055
-111695
-111646
-111503
-111245
-110451
-110263
-110234
-110006
-109978
-109759
-109701
-109631
-109149
-109143
-108517
-108294
-108283
-108275
-108034
-108029
-107974
-107786
-107412
-107290
-107159
-107154
-107143
-106692
-106046
-105908
-105841
-105517
-105143
-104974
-104813
-104648
-104616
-104414
-104374
-103918
-103549
-103052
-102963
-102401
-102165
-101935
-101851
-101783
-101721
-101702
-101569
-101362
-101170
-100952
-100928
-100836
-100808
-100461
-100144
-99832
-99761
-99625
-99087
-98634
-98434
-98381
-97947
-97736
-97509
-97130
-97001
-96991
-96618
-96391
-96340
-96213
-96208
-95625
-95540
-95091
-95030
-94862
-94738
-94635
-94403
-94205
-93975
-93959
-93759
-93641
-93508
-92504
-92174
-92043
-91996
-91965
-91761
-91532
-91449
-91252
-91200
-91128
-91097
-90859
-90456
-89968
-89927
-89590
-89514
-89311
-89011
-89004
-88748
-88681
-88482
-88432
-88315
-88299
-87804
-87782
-87450
-87321
-87124
-86515
-86422
-86398
-86169
-85803
-85756
-84840
-84727
-84667
-84623
-84591
-84080
-84031
-83985
-83799
-83525
-83012
-82933
-82779
-82596
-82559
-81849
-81452
-81111
-81062
-81036
-80841
-80644
-79960
-79871
-79821
-79735
-79688
-79661
-79366
-79232
-79100
-78379
-78348
-78163
-77718
-77482
-77442
-77057
-76912
-76595
-76595
-76319
-76285
-76084
-75995
-75960
-75834
-75739
-73843
-73789
-73762
-73749
-73615
-73544
-73505
-73379
-72949
-72914
-72748
-72670
-72653
-72633
-72613
-72423
-72369
-72207
-71463
-71458
-71428
-71423
-71228
-71044
-71038
-70724
-70522
-70521
-70375
-70365
-70224
-69856
-69670
-68849
-68626
-68539
-68179
-68138
-67788
-67711
-67676
-67496
-67326
-67222
-67209
-67106
-67006
-66362
-66278
-66035
-66000
-65912
-65875
-65745
-65736
-65675
-65429
-65426
-65209
-65193
-65158
-64778
-64662
-64469
-64259
-64101
-63882
-63859
-63856
-63439
-63436
-63011
-62746
-62351
-62162
-61994
-61715
-61713
-61532
-61499
-61484
-61355
-61325
-61064
-60927
-60885
-60629
-60389
-60004
-59888
-59457
-59445
-59292
-59067
-58852
-58722
-58645
-58605
-58603
-57925
-56987
-56652
-56560
-56425
-56301
-56004
-55942
-55879
-55768
-55713
-55616
-55520
-55463
-55284
-54791
-54662
-54351
-54267
-53878
-53436
-53175
-52475
-52393
-52196
-51626
-51193
-51083
-51027
-50428
-49912
-49512
-49003
-48843
-48790
-48646
-48253
-48039
-48000
-47732
-47634
-47616
-47433
-47192
-46885
-46879
-46417
-46411
-45926
-45897
-45625
-45587
-45569
-45023
-44748
-44715
-44567
-44566
-44135
-43158
-42439
-42428
-42395
-42342
-42113
-42020
-41873
-41852
-41521
-41431
-41247
-41132
-41116
-40918
-40360
-40243
-39967
-39872
-39569
-39495
-39410
-39375
-39051
-38777
-38512
-38352
-38137
-38095
-38068
-37881
-37682
-37419
-37179
-36969
-36858
-36737
-36647
-36602
-36566
-36448
-36369
-35885
-35775
-35583
-35504
-35412
-35026
-34806
-34540
-34524
-34131
-33998
-33884
-33520
-33329
-33310
-32983
-32879
-32549
-32395
-32238
-31881
-31760
-31563
-31473
-31274
-31268
-31167
-30692
-30648
-30476
-30473
-30459
-30375
-30236
-29947
-29644
-29373
-29063
-29009
-28987
-28554
-28473
-28452
-28092
-28009
-27992
-27974
-27771
-27679
-27059
-26796
-26079
-25903
-25894
-25648
-25598
-25591
-25559
-25556
-25010
-24892
-24606
-24584
-24535
-24342
-24132
-24098
-23898
-23653
-23527
-23367
-23236
-23223
-22805
-22537
-22320
-22283
-22250
-21999
-21934
-21894
-21761
-21311
-21246
-21145
-21058
-20622
-20485
-20029
-19914
-19852
-19306
-19278
-18750
-18630
-18540
-17996
-17989
-17818
-17278
-16800
-16730
-16667
-16280
-16042
-15926
-14965
-14675
-14546
-14508
-14223
-14188
-14006
-13868
-13821
-13472
-13344
-13333
-13297
-13207
-13074
-13067
-13050
-12656
-12610
-12591
-12462
-11883
-11136
-10747
-10320
-10316
-9855
-9769
-9551
-9542
-9527
-9269
-9237
-9227
-9163
-9119
-8474
-8366
-8310
-8301
-8208
-8195
-7986
-7620
-7229
-7022
-6920
-6518
-6430
-6041
-5940
-5876
-5834
-5589
-5436
-5302
-5302
-5071
-4724
-4667
-4581
-4040
-3870
-3623
-3508
-3433
-2893
-2772
-2465
-2181
-2145
-2113
-1823
-1579
-1565
-1438
-1258
-1112
-355
-327
-315
684
795
979
1271
1324
1520
1585
1817
1928
2043
2143
2316
2745
2979
3016
3464
3599
3929
4022
4246
4746
4817
5684
5750
6064
6423
6575
6709
7217
7692
8218
8236
8280
8584
8789
8877
9175
10265
10477
10941
11328
11426
11570
11735
11867
12062
12262
12656
12657
12667
12690
12829
12961
13114
13427
13942
14034
14135
14336
14950
15112
15489
15569
15649
15657
15716
15738
15992
16212
16312
16566
16683
17163
17491
17494
17782
17843
17866
17998
18043
18079
18495
18573
18755
19290
19474
19506
19819
19946
20195
20520
20580
20987
21294
21676
21938
21964
22099
22226
22460
22899
23178
23312
23340
23402
23553
23815
23952
23995
24077
24204
24687
24717
24843
24908
25073
25816
26001
26155
26364
26758
26862
27071
27105
27360
27361
27457
27713
27748
27898
27916
28061
28775
28827
28945
29522
30117
30179
30473
30504
30584
30865
31111
31116
31130
31167
31234
31652
31655
32290
32434
32645
32764
33259
33269
33355
33542
33631
34226
34234
34274
34367
34720
35114
35323
35448
35713
35777
36262
36316
36502
36606
36620
36719
36720
36981
37065
37245
37368
37507
37565
37656
37890
38181
38285
38433
39024
39345
39367
39544
39614
39793
40040
40263
40565
40639
40856
40884
40921
41095
41431
41548
41573
41610
41664
41728
41754
42303
42494
42607
42705
42814
42831
42879
42951
43017
43334
43753
43908
43968
44104
44182
44239
44242
44250
44324
44336
44517
44803
44941
45103
45123
45216
45594
45623
45662
45779
45812
45952
46167
46223
46412
46465
46510
46631
46938
46955
47030
47183
47477
47771
48206
48369
48677
48747
48798
48801
48986
49111
49145
49149
49531
49656
49670
49807
50010
50350
50445
50730
51039
51082
51308
51920
51978
52400
52710
53068
53086
53131
53550
53935
54048
54922
54941
54985
55346
55562
55905
55966
55977
56339
56412
56453
56560
56603
57044
57044
57320
57452
57792
58072
58156
58296
58388
58418
59095
59409
59556
59869
59983
60242
60284
60645
60890
60967
61107
61446
61627
61741
62333
62557
62569
62594
63037
63062
63109
63331
63580
63677
63966
64183
64501
64721
64772
65207
65245
65368
65648
65935
66198
66298
66434
66514
66764
66941
66995
67143
67405
67526
67632
68583
68713
68886
68945
69578
69801
69840
69935
70620
70647
70720
70761
71361
71593
71611
71833
72109
72607
72680
72721
72793
72878
73258
73602
73652
73712
73790
74342
74361
74482
74580
74726
74731
74851
74963
75075
75150
75183
75214
75315
75558
75724
75856
75902
76189
76270
76320
76599
76680
76802
76851
76887
77652
77837
77956
78039
78225
78297
78542
78612
79052
79119
79132
79488
80722
80806
81046
81577
82421
82579
82888
83052
83242
83398
83856
83999
84080
84118
84320
84460
84525
84623
84789
84850
85016
85058
85116
85258
85678
85720
86105
86221
86717
86862
86870
87268
87354
87488
87520
87572
87636
87683
87906
88109
88247
89151
89375
89421
90021
90283
90335
90508
90531
90917
91133
91683
91879
91994
92476
92549
92732
93071
93282
93612
93670
93781
93852
94510
94569
94581
95115
95155
95455
95503
95748
95879
96243
96307
96467
96501
96725
96872
96917
96941
96954
97219
97576
98153
98197
98333
98745
98814
98837
98934
99001
99028
99297
99529
99571
99727
99940
100118
100791
100806
101063
101197
101277
101439
101659
101676
102146
102164
102189
102477
102884
102972
103008
103312
103938
104179
104241
104483
104571
105291
105659
105726
105766
106018
106126
106218
106458
106982
106985
107397
107759
107778
108180
108233
108400
108431
108479
108564
108638
108754
109119
109359
109468
109549
109593
109865
109867
110017
110091
110150
110186
110428
110749
110855
110888
111108
111594
111717
112644
113021
113205
113330
113435
113524
113760
114017
114250
114322
114504
114561
114838
114909
114937
114977
115330
115486
115695
115707
116040
116130
116359
116438
116645
116713
117231
117480
117626
117831
118349
118469
118490
118492
118559
118711
118805
119007
119063
119095
119528
119927
119941
120303
120397
120481
120534
121053
121181
121454
121780
121781
121796
121871
121883
122004
122019
122052
122498
122545
122575
123024
123168
123369
123645
123726
123982
124082
124653
125281
125343
125531
126320
126588
126748
126767
126852
126899
127556
128200
128202
128500
128566
128698
128825
129011
129035
129434
129685
129729
129882
130063
130414
130731
130751
131076
131267
131268
131682
132026
132204
132272
132303
132505
132614
132730
132768
133114
133142
133182
133226
133248
133639
133927
134009
134013
134270
134428
134805
135220
135997
136250
136311
137122
137252
137771
137808
137875
138120
138137
138537
138799
139068
139268
139507
139517
139541
139699
140147
140326
140418
140522
140869
141358
141953
142136
142519
143000
143247
143316
143815
143840
144032
144172
144328
144809
145204
145304
145471
145558
145682
145687
146184
146252
146731
146819
147225
147432
147793
147957
148638
148969
148997
149202
149255
149655
149680
149779
149798
149854
149854
149921
150133
150568
151058
151403
151657
151695
151823
151879
152079
152136
152197
152416
152447
152547
152947
153121
153291
153922
154312
154591
154664
154798
154827
154912
155379
155555
155624
155778
155781
156273
156326
156579
156731
156752
157377
157489
157896
158189
158243
158252
158773
158842
158877
159219
159556
159665
160025
160119
161019
161647
161699
161735
162158
162439
162446
162785
162939
163449
163768
163804
163844
163920
164217
164229
164261
164475
164569
164993
165057
165265
165590
166190
166227
166834
167376
167550
167699
168177
168551
168858
168948
168977
169051
169528
169573
170055
170425
170818
171461
171480
171483
171642
171913
172276
172639
173716
174446
174487
174881
174974
175044
175159
175374
175599
175716
175874
176020
176066
176318
176362
176442
176610
176855
177262
177653
177979
177983
178330
178375
178867
179342
179605
179888
179917
180119
180199
180895
180926
180995
181125
181191
182264
182581
182659
182928
183119
183162
183957
184023
184269
184341
184352
184407
184481
184542
184689
185110
185138
185241
185298
185342
185360
186042
186066
186155
186164
186391
186687
186687
186861
187248
187869
187924
188169
188266
188391
188439
188735
188903
188945
188986
189209
189210
189278
189421
189481
190026
190655
190672
190702
190848
191005
191140
191278
191612
191749
191826
192037
192037
192262
192437
192487
192704
193072
193732
193800
194070
194105
194268
194352
194528
194636
194737
194963
195100
195287
195334
195450
195598
195674
196113
196211
196234
196625
196748
197203
197221
197474
197698
197788
197847
197906
198153
198262
198292
198314
198338
198552
198907
198961
199026
199464
199631
199645
199829
199864
200339
200346
200384
201017
201297
201675
202243
202285
202472
202565
202831
203011
203152
203388
203924
203982
204025
204219
204386
204575
204616
204964
204985
205327
205345
205476
205678
205754
206036
206356
206542
206556
206631
206866
206985
207236
207661
208051
208510
208622
208684
208816
208878
209087
209109
209126
209750
210072
210429
210459
210681
210779
210864
211057
211426
211457
211628
211856
212590
212595
212884
212969
213395
213502
213638
213730
214536
214630
214716
214853
214931
215106
215564
215765
215875
215963
216157
216366
216439
216552
216575
216751
216913
217091
217221
217566
218075
218584
218642
218809
219043
219091
219873
220062
220696
220992
221306
221378
221389
221588
221597
221825
221916
222615
222663
223035
223114
223147
223263
223315
223631
223845
224364
224789
224977
225520
225536
226073
226380
226422
226512
226597
226649
226823
226853
226915
226968
226984
227004
227206
227243
227385
227655
227658
227718
228010
228039
228370
228478
228681
228726
228978
229075
229149
229323
229751
230211
230284
230291
230316
230367
230429
230441
230582
230597
231127
231245
231459
231589
232198
232465
232603
232653
232670
232741
232800
232979
233216
233945
234139
234146
234229
234511
234517
234602
235209
235305
235370
235429
235434
235440
235559
235713
235973
236065
236069
236297
236392
236437
236835
236948
237013
237284
237421
237620
237713
237743
237849
237908
238115
238319
238532
238597
238724
238803
238852
239136
239928
240138
240209
240750
240937
241224
241253
241308
241480
241704
241742
241754
241802
241832
241874
242099
242251
242497
242521
242728
242853
243053
243211
243338
243413
243502
243571
243894
244124
244157
244174
244284
244792
244825
244952
245213
245586
245611
245693
245879
245940
246015
246559
246570
246607
246628
246751
247073
247078
247138
247399
247503
247572
247800
248098
248190
248190
248593
248596
248954
249022
249304
249441
249478
249541
249894
249906
249988
250130
250189
250395
250867
250885
250977
250981
251122
251147
251255
251867
252188
252453
252507
252578
253201
253331
253364
253384
253494
253515
253556
253600
253728
253797
253937
254175
254334
254372
254624
255094
255446
255451
255774
255883
255922
255995
256933
256972
257159
257457
257819
258016
258072
258734
259166
259475
259817
260003
260331
260675
260692
260915
260999
261187
261198
261243
261419
261427
262048
262122
262969
263014
263050
263174
263422
263520
263633
263715
264319
264643
264783
265229
265230
265311
265346
265382
265398
265594
265736
265918
265943
266128
266130
266181
266232
266322
266354
266600
267070
267193
267367
267932
268077
268461
268500
268534
268598
268602
268627
268797
268827
268856
269247
269282
269622
269686
269786
269971
270056
270115
270397
270526
270726
270736
270880
271514
271691
271758
272131
272334
272748
272862
273154
273480
274061
274908
275074
275192
275423
275548
276113
276156
276157
276351
276363
276859
277049
277521
277637
277647
277886
278138
278858
279180
279723
279896
279922
280169
280274
280398
280508
280640
280954
280968
281104
281266
281550
281665
281753
281857
281946
281972
282026
282606
282741
283267
283350
283480
283488
283547
283563
283674
283840
283958
284041
284119
284236
284551
284797
285094
285406
285585
285608
286081
286197
286584
286837
287037
287042
287355
287384
287710
287834
287887
287909
288006
288171
288533
288605
288981
289052
289313
289551
289610
289732
289758
290185
290263
290361
290482
290646
290711
290979
291176
291347
291806
292033
292835
292878
293004
293023
293311
293445
293648
293957
293961
293984
294065
294179
294361
294994
295268
295495
295584
295593
295617
295959
296965
297039
297104
297107
297148
297275
297845
298089
298176
298189
298360
298709
298894
298926
298964
299208
299263
299403
299447
300153
300580
300595
300693
300772
301262
301322
301344
301444
301682
301753
302025
302163
302722
302868
302944
303364
303686
303707
303720
303837
304002
304531
304938
305288
306372
306404
306574
306601
306606
306692
306723
307044
307352
307474
307934
308190
308378
308855
309512
310011
310087
310358
310455
310943
311075
311323
311378
311529
311543
311798
311851
311866
312685
313187
313227
313454
313851
313995
314187
314534
314567
314989
315028
315349
315848
315986
316039
316158
316199
316770
317003
317058
317464
317548
317624
317780
317812
318013
318212
318263
318272
318367
318437
318632
318789
318868
318897
319224
319397
319436
319437
319589
319635
319735
319807
319823
320018
320028
320139
320139
320477
320539
320640
320687
320710
320879
321094
321150
321542
321563
321620
321742
321919
321953
322684
322700
323277
324060
324087
324919
325459
325534
325648
325657
325916
326131
326284
326317
326343
326979
326990
327045
327253
327272
327370
327596
327763
328325
328394
328561
328732
328953
329202
329349
329626
329890
330198
330261
330343
330380
330426
330601
330830
331180
331451
331752
331890
331916
332178
332234
332701
332706
332923
333165
333378
333605
333708
333957
333996
334209
334477
334641
334664
334775
334857
335216
335373
335497
335511
335549
336030
336536
336611
336711
336822
336910
336929
337039
337083
337109
337160
337164
337446
337472
337507
337545
338308
339037
339144
339195
339795
339945
339980
340003
340122
340295
340556
340734
340840
341067
341194
341283
341436
341502
342020
342674
342684
343328
343452
343805
344237
344248
344374
344565
344706
345214
345339
345562
345638
345744
345758
345763
346140
346279
346510
346630
346758
346799
346881
347228
347401
347452
347738
347782
347797
347893
348010
348097
348285
348359
348517
349001
349297
349346
349443
349525
349546
349645
349760
349799
349811
349882
350000
350117
350385
350590
350944
351006
351665
351900
351947
352235
352253
352660
352798
352909
353080
353105
353258
353402
353444
353544
353700
353798
354036
354169
354260
354272
354388
354603
354650
355007
355100
355111
355852
356104
356109
356193
356266
356401
356452
356921
356972
357066
357674
357744
357760
357810
358000
358757
358805
358830
358999
359024
359033
359148
359342
359430
359779
359783
359859
359875
360025
360313
360479
361146
361531
361537
361719
361749
362251
362282
362996
363250
363437
363813
363992
364136
364292
364862
364937
365381
365772
365943
366034
366045
366326
366361
366604
366903
367596
367666
367735
367745
367969
367994
368224
368278
368283
368647
368711
369158
369530
369545
369567
369589
369705
369755
370385
370898
371018
371335
371380
371574
371839
371909
372186
372484
372729
373179
373556
373880
374091
374233
374281
374401
374896
374961
375573
376535
376549
377136
377232
377592
377681
377941
378013
378313
378549
378554
379035
379405
379835
380190
380569
381283
381384
381474
381474
381503
381545
381636
381708
381765
381775
381811
382035
382445
382459
382559
382630
382645
382655
382660
382725
382894
383224
383231
383600
383734
383778
383937
384171
384258
384623
384713
384910
385098
385597
385933
386068
387248
387886
388072
388521
389095
389122
389148
389206
389426
389963
390016
390315
390482
390556
390569
390631
391016
391276
391429
391439
391533
391549
391559
392627
392954
392992
393165
393174
393835
394042
394057
394063
394597
394626
395052
395140
395393
395498
395686
395855
395881
396048
396120
396481
396998
397282
397720
397918
398164
398928
399077
399241
399633
399651
400008
400099
400164
400276
400482
400486
401483
401568
401602
401796
401861
401882
401914
401975
402622
402732
402826
402847
403115
403466
403718
404215
404225
404289
405452
405474
405522
405537
405669
405763
405774
405824
406064
406171
406347
406411
406500
406538
406726
406781
407574
407619
407983
408360
408386
408529
408634
408680
408681
408992
409370
410068
410278
411253
411436
411885
412089
412139
412360
412473
412497
412564
412786
412959
413125
413238
413825
413879
413949
414231
414523
414958
415413
415591
416116
416310
416528
416585
416972
417873
418003
418428
418866
419341
419428
419475
419561
419743
420170
420250
420281
420760
420846
420881
420892
421016
421261
421432
421455
421998
422021
422585
422699
423090
423237
423292
424094
424134
424213
424291
424452
424530
425467
425602
426091
426686
426981
427322
427592
427712
428005
428102
428439
428802
428854
428971
429174
429405
429647
429658
429968
430211
430331
430340
430472
430767
430926
431539
431581
431926
432489
432888
433440
433518
433585
433741
434146
434171
435127
435380
435402
435486
435924
436374
436398
436494
436628
436630
436674
436914
437545
437624
437750
437917
438406
439267
439421
439525
439531
440119
440441
440590
440742
440751
440762
441038
441168
441329
441497
441931
441989
442017
442300
442576
443463
443464
443670
443806
443871
443903
444027
444193
444722
444759
444893
445001
445106
445779
445828
445910
445930
446185
446219
446246
446455
446529
446778
446867
446880
446922
447264
447525
447671
448108
448112
448191
448731
448795
449068
449324
449448
449666
449683
449902
450409
450572
450960
451465
451645
451804
451871
452077
452389
452466
452491
452509
452525
453093
453695
453708
454269
454326
454621
454676
454881
454982
455263
455707
455816
455869
455947
456209
456350
456516
456816
456984
457315
457326
457432
457556
457776
458071
458290
458308
458933
459092
459460
459758
460132
460845
461644
461855
462051
462063
462753
463764
463985
464147
464254
464263
464539
464775
464916
465073
465142
465165
465466
465586
465611
465669
465734
465823
466067
466311
466599
466885
466959
467055
468169
468355
468471
468521
468771
468917
469627
469646
469707
469719
470427
470671
471001
471104
471210
471570
471621
471809
472562
472669
472745
473119
473221
473262
474578
474604
474610
474735
474994
475071
475134
475462
475484
475552
476049
476068
476275
476299
476318
476520
477015
477162
477170
477274
477365
477422
478045
478055
478079
478110
478276
478321
478334
478339
478344
478557
478622
478660
478672
479168
479377
479464
479804
479981
480064
480131
480174
480368
480684
480705
480717
480967
481135
481236
481369
481577
481870
481972
482528
482832
484339
484434
484595
485101
485568
485598
485648
485794
485847
485850
486145
486219
486329
486536
486650
486923
487016
487581
488017
488120
488347
488555
488764
488849
489041
489237
489341
489383
489831
490314
490629
490730
490817
491003
491325
491353
491362
491392
492375
492572
492769
492800
492815
492922
493336
493347
493426
493679
494335
494359
494726
495260
495549
495595
495603
495926
496043
496160
496595
497139
497310
497745
497751
497861
498073
498215
498257
498724
498963
499108
499244
499342
499545
499576
499669
500314
500339
500348
500924
500996
501362
501430
501597
501664
501858
502146
502436
502529
502558
502625
502824
503213
503474
503533
504003
504497
504571
504633
504958
505033
505050
505069
505386
505426
505490
505674
505679
505763
505975
506035
506075
506314
506501
506922
507015
507243
508321
508688
508830
508970
509269
509329
509359
509524
509656
509765
509855
510087
510283
510328
510441
510949
511017
511140
511228
511354
511715
511744
511984
511995
512176
512273
512434
512475
512919
513045
513217
513343
513352
513422
513524
513661
513978
514178
514387
514611
514794
514825
514969
515121
515207
515292
515512
515849
515957
516015
516122
516190
516322
516491
516570
516729
516753
517134
517830
517902
517948
518081
518290
518326
518335
518703
519102
519132
519168
519307
519463
519656
519664
520139
520625
520679
520934
521179
522007
522196
522475
523976
524414
524520
524591
524919
525010
525513
525740
525785
525884
526069
526337
526388
526474
526633
526771
526890
527158
527411
527624
527770
527937
528386
528442
528529
528674
528982
528985
529087
529258
529471
529574
529627
529835
530227
530654
530842
530899
531008
531044
531070
531076
531151
531197
531374
531611
532077
532548
532600
532719
532721
533737
533748
534095
534251
534573
534645
534757
534933
535024
535056
535242
535344
535410
535552
535686
536017
536223
536337
536579
536653
536764
536790
536793
536946
537187
537878
537907
538030
538352
538449
538849
539191
539461
539591
539618
539815
539834
539845
540056
540333
540351
540761
541116
541128
541187
541360
542206
542462
542488
542876
543499
543698
543834
543871
544903
545025
545337
545339
546125
546472
546531
546560
546893
547120
547169
547284
547579
547607
547891
548097
548284
548644
548667
548864
548957
549189
549308
549311
549351
549582
549766
549894
549931
550010
550154
550288
550487
550562
550682
551066
551393
551442
551853
552270
552475
552517
552530
552669
552856
553494
553528
553761
553997
554142
554232
554608
554742
554745
554965
555022
555089
555428
555476
555587
555694
555768
555838
556044
556143
556315
556379
556719
556834
557049
557417
557846
558622
559317
559577
559717
559773
560014
560233
560301
560541
560549
560712
560946
561161
561248
561514
561675
561834
561882
562007
562030
562565
563070
563351
563433
563511
563626
563655
563711
563971
563972
564008
564234
564499
564848
565222
565435
566217
566652
566815
567162
567663
567752
567919
568108
568710
569306
569466
569570
569624
569822
570302
570321
570767
571088
571228
571369
571519
571612
571892
572018
572210
572322
572548
572559
572782
573014
573063
573346
573577
573627
573688
573698
573897
574030
574323
574546
574714
575164
575615
575689
576050
576273
576754
576932
577154
577257
577287
577310
577348
577354
577621
577655
577663
577942
577947
578014
578145
578631
578975
579185
580411
580737
581010
581019
581700
582027
582128
582502
582539
582635
582681
582716
582766
582772
582852
582860
583445
583495
583579
583604
583683
583716
584068
584416
584655
584664
584708
584720
584757
584784
584872
585235
585333
585419
585699
585820
586257
586464
586498
586907
586925
587003
587289
587782
587937
588063
588138
588240
588453
588634
588980
589344
589466
589824
589884
590103
591105
591201
591794
591968
592218
592294
592437
592593
592614
592887
593186
593199
593443
593584
593641
593782
593874
594108
594138
594219
594407
594469
594629
594638
594907
594938
595189
595212
595957
596409
597078
597162
597435
597564
598044
598332
598363
598395
598640
598829
598955
599097
599299
599507
599600
600030
600260
600347
600534
600757
601197
601197
601517
601641
602639
602661
602925
603115
603223
603485
603502
603707
603854
604319
604429
604505
604541
604706
604720
605105
605117
605136
605144
605229
605242
605286
605339
605390
605632
605645
605703
605960
606136
606730
606910
607089
607156
607368
607392
607686
607699
607782
607924
608090
608130
608233
608288
608299
608959
608996
609589
609647
609657
609950
610020
610280
610438
610440
610483
610501
610539
610569
610583
610782
610839
611257
611554
611954
612586
612665
612678
612766
612773
612996
613060
613259
613495
613917
614054
614304
614689
614874
614875
614877
615437
615944
615988
616136
616226
616256
616365
616395
616414
616475
616743
616857
616869
617148
617203
617582
617722
617929
618051
618215
618911
618940
619141
619314
619791
619979
620569
620793
620862
621166
621231
621317
621881
622568
622657
623269
623466
623561
623707
623793
623828
623835
623885
623908
624112
624294
624376
624543
624578
624782
624847
624949
625008
625049
625157
625686
625711
625772
625823
625995
626013
626056
626356
626461
626524
626662
626832
626884
627083
627938
627946
628058
628257
628631
628741
628914
629230
629637
629813
630174
630349
630656
630673
630722
630744
631062
631089
631133
631134
631272
631313
631387
631469
631876
631889
632027
632470
632475
632492
632507
632677
632743
632831
632953
633164
633487
633523
633734
634039
634110
634183
634308
634577
634641
634763
635039
635052
635174
635375
635514
635581
635591
635983
636123
636145
636415
636568
637124
637382
637384
637650
637769
637813
638172
638871
638922
639054
639086
639257
639317
639600
639790
640088
640315
640345
640483
640779
640910
640942
640951
641192
641195
642094
642668
642776
643035
643119
643333
643345
643615
643802
643835
644001
644053
644058
644196
644319
645787
645868
645929
645935
646206
646285
646460
646499
646784
646785
646806
646914
647077
647424
647514
647697
647889
648720
649405
649575
649731
649873
650096
650206
650511
651038
651386
651420
651439
651528
651647
651722
652732
652895
652947
653243
653387
653749
653751
654243
654301
654329
654495
654562
655092
655130
655166
655297
655439
655963
656508
656632
656675
656711
656798
656879
656982
656990
657077
657102
657198
657215
657258
657541
657936
657953
659008
659342
659842
659879
660122
660196
660579
660787
660809
660850
660941
660974
661125
661131
661156
661767
662108
662488
662964
663111
663170
663228
663276
663349
663471
663963
664145
664250
664264
664330
664422
664807
664818
664967
665144
665228
665301
665308
665973
666164
666372
666631
666698
667257
667383
667440
667913
667916
668977
669904
670529
670917
671136
671288
671350
671431
671591
671700
671859
671903
672058
672086
672255
672405
672502
673052
673061
673099
673107
673138
673158
673515
673531
673794
673836
673972
674537
674586
674727
674734
675012
675177
675204
675297
675714
675735
675827
675845
675868
676193
676464
676687
677213
677273
677470
677582
678188
678238
678308
678496
678560
678827
678862
679457
679710
680046
680105
680173
680175
680398
680845
680885
681632
681907
682067
682105
682742
682756
682793
683182
683443
683501
683566
683572
683633
683974
684235
684288
684398
684668
684811
685280
685545
685892
685969
687062
687361
687377
687881
688060
688150
688778
688861
688998
689102
689281
689673
689864
689864
690080
690093
690217
690454
690806
690808
690915
690972
690986
691107
691252
691277
691308
691564
692252
692382
692612
693006
693921
693998
694055
694092
694100
694240
694617
694653
695395
695800
696038
696366
696551
696600
696863
697117
697316
697558
697644
697653
697842
697951
698073
698340
698562
698944
699214
699564
699754
700054
700093
700106
700121
700178
700566
700639
700824
700971
701031
701473
701573
701601
701615
701630
701803
701997
702054
702066
702124
702336
702376
702580
702803
702944
703015
703120
703625
704173
704233
704332
704377
704456
704495
705068
705610
705774
705777
706576
706665
706681
706796
706889
707195
707393
707736
707859
707947
708002
708048
708431
708446
708488
708572
708617
709017
709685
709828
709959
710212
710344
710383
710409
710668
711105
711137
711154
711254
711320
711321
711614
711704
711938
712631
712890
713419
713467
713644
713847
714137
714610
714742
714914
715287
715290
715385
715591
715613
715998
716574
716597
717474
717725
717915
718159
718304
718336
718526
718777
719244
719424
719865
719912
720225
720322
720360
720491
720816
720885
720969
721445
721645
721818
721923
722028
722609
722929
722993
723019
723024
723695
723710
723752
724207
724242
724575
724705
724729
724965
725214
726094
726107
726214
726339
726411
726555
726850
727185
727297
727661
727756
727782
727869
727875
727897
728596
728721
729660
730086
730275
730534
730701
730938
731055
731320
731388
732340
732355
732688
732932
733023
733240
733388
733592
733798
733839
734115
734187
734288
734301
734865
734868
734889
734919
734925
735423
735513
735543
735655
735727
735822
736088
736399
736488
736940
737097
737193
737476
737568
737585
737698
738130
738978
739151
739158
739202
739234
739436
739603
739869
740194
740338
740362
740635
741487
741884
741975
742161
742172
742324
742341
742568
742627
742787
742939
743164
743297
743737
743804
743830
743864
744336
744417
745402
745425
745448
745474
746010
746815
746884
747003
747064
747322
747458
747712
748070
748141
748283
748345
748416
748526
748967
749048
749172
749223
749317
749800
749997
750407
751414
751471
751471
752043
752154
752356
752363
752370
752697
752867
752887
752902
753115
753556
753927
754026
754313
754342
754474
754874
755247
755567
755933
756410
756435
756720
756797
757384
757564
757821
757941
758123
758506
758801
758934
758936
759383
759703
759816
759818
759829
760194
760489
760540
760642
760675
760967
760981
761003
761466
761770
761823
762263
762599
762833
762931
763158
763791
764631
764750
765086
765520
765607
765688
765689
765718
765742
765821
765905
766076
766435
766596
767105
767227
767364
767533
767537
767735
767911
767942
767979
768190
768239
768608
769037
769060
769336
769545
769611
769790
769880
770027
770181
770373
770382
770560
770571
770736
770834
770877
770878
770899
770961
771009
771343
771567
771704
772002
772096
772155
772880
773356
774305
774756
774781
775685
775848
775855
776023
776181
776199
776394
776575
777349
777616
777638
777727
777763
777916
777945
777980
777986
777989
778068
778157
778559
778827
779172
779405
779465
779517
779835
779866
779897
780588
780727
780731
780773
781038
781318
781651
781926
782785
782797
782853
782952
783002
783089
783105
783285
783503
783898
783917
783919
784201
784320
784480
784487
784743
784899
786142
786165
786236
786278
786636
786756
786802
787098
787105
787117
787201
787255
787266
787337
787471
787499
787500
787534
788148
788260
788294
788324
788766
789711
790450
790529
790631
790815
790825
791318
791557
791585
792142
792308
792328
792596
793079
793130
793317
793419
793498
793560
793827
793951
794419
794468
794623
794626
795027
795109
795336
795625
795646
795840
796176
796216
796966
797437
797470
798253
798280
798889
799003
799051
799430
799468
799670
799676
799707
799870
800340
800364
800883
801086
801106
801249
801530
801919
802482
802841
803097
803214
803258
803261
803395
803710
803767
804015
804046
804293
804381
804768
804991
805040
805130
805208
805374
805382
805382
805705
805727
806101
806324
806372
806555
806766
807228
807266
807306
807860
807899
808065
808242
808357
808429
809219
809245
809292
809351
809359
809421
809827
810114
810222
810452
810715
810958
811024
811103
811136
811172
811194
811207
811249
811268
811313
811372
811704
811716
812070
812261
812315
812922
813580
813921
813979
814183
814724
814873
814951
814980
815098
815143
815170
815509
815753
816013
816253
816677
816706
817202
817445
817677
817828
817896
817948
818058
818219
818281
818362
818567
818724
818879
819032
819345
819656
819666
819859
819877
820008
820191
820197
820680
820746
820905
822163
822309
822545
823062
823406
823466
823470
823541
823756
823764
824067
824251
824476
824654
824974
825172
825717
825982
826013
826041
826077
826078
826285
826430
826525
826662
826681
826894
826905
827010
827213
827266
827454
827456
827631
827971
828345
828565
828723
829157
829385
829733
829887
830529
830700
830839
830986
831042
831636
831648
831698
831843
832276
832950
833316
833603
834215
834278
834912
834941
835002
835121
835242
835417
835724
835816
836131
836335
837009
837677
838035
838116
838280
838313
838470
838659
838725
838941
838989
839159
839225
839564
839703
839898
840007
840507
840888
840894
841198
841913
842062
842123
842278
842895
843084
843327
843611
844105
844216
844309
844391
844441
844507
845222
845266
845362
845427
845601
845668
846241
846284
846549
846709
847017
847203
847295
847712
848075
848186
848534
848573
848801
849579
849800
849829
850057
850169
850228
850286
850449
850485
850738
851076
851586
851793
851834
852007
852194
852404
852626
852687
852814
852864
852935
852989
853012
853069
853228
853446
853618
853647
853902
854203
854395
854895
855002
855198
855300
855358
855523
855588
855923
856305
856377
856921
857386
857783
857912
858299
858377
858608
859190
859545
860156
860259
860311
860520
860626
860876
860907
860918
861036
861847
861893
861962
862089
862396
862776
862798
863065
863340
863737
863803
863958
864056
864096
864310
864468
864493
864503
864614
864695
864813
864820
865061
865944
866235
866573
866907
867017
867208
867593
867615
867993
868252
868540
869116
869472
869561
869658
869805
869971
870023
870108
870141
870211
870330
870546
870579
870807
870811
871150
871280
871687
872067
872107
872591
873091
873349
873472
873523
873769
873864
873889
873973
874050
874066
874092
874235
874538
874669
874941
874973
875000
875046
875184
875661
875986
876221
876402
876418
876420
876482
876825
877087
877178
877308
877605
877683
877691
877955
878328
878351
878499
878714
878821
879234
879398
879714
879854
880332
880592
880748
880965
881050
881052
881185
881275
881420
881491
881788
881815
882058
882174
882355
882998
883390
883515
883556
883658
884228
884548
884787
884833
885051
885310
885418
885470
886425
886439
886525
886612
886620
887057
887148
887162
887215
887576
888243
888640
888733
888770
888977
889292
889489
889586
890633
890752
890851
890867
891215
891236
891260
891452
891458
891668
891809
892046
892291
892551
892578
892624
892642
893088
893502
893739
893757
893878
894238
894309
894316
894491
894853
895156
895392
895398
895971
896092
896644
896797
896803
896827
897260
897266
897437
897496
897794
898330
898408
898450
898622
899058
899183
899317
899577
899578
899809
899966
900249
900424
900555
900729
900787
900849
901301
901323
901543
901587
902192
902222
902229
902326
902368
902494
902573
902905
903233
903329
903684
904069
904088
904552
904649
904730
904732
904888
905057
905155
905200
905219
905283
905422
905745
905795
906251
906416
906582
906814
906914
906970
907017
907486
907658
907699
907986
908077
908207
908284
908493
908740
908833
909030
909144
909381
909449
909524
910029
910347
910484
910580
910684
910769
911071
911227
911335
911442
911677
912030
912172
912440
912458
912561
912561
912595
912754
913665
914303
914530
914590
915120
915219
915344
915446
915505
915506
915675
915984
916332
916436
916601
916685
916847
917069
917091
917136
917213
917227
917295
917657
918149
918195
918421
918662
918892
919138
919275
919286
919592
919592
919615
919731
919751
919897
919954
920298
920525
920647
921036
921211
921223
921419
921667
921674
922066
922433
922474
922583
923111
923624
923664
923694
924053
924168
924176
924288
924417
924440
924741
924764
924863
925214
925222
925319
925471
925563
925785
925832
925975
926177
926265
926273
926796
926861
926870
926873
926956
926958
927253
927396
927442
927488
927571
927819
927897
927983
928015
928106
928416
928532
928770
929569
929627
929683
929694
929727
930158
930334
931068
931246
931589
931709
932076
932088
932322
932640
932720
932731
932860
932908
933156
933334
933853
934177
934408
934491
934660
934720
934823
935360
935404
935580
935582
935994
936139
936273
936297
936338
937244
937451
937453
937873
938246
938744
938910
938914
939088
939319
939424
940311
940316
940368
940493
941079
941403
941903
942768
943025
943042
943248
943332
943345
943402
943512
943526
943605
944011
944188
944383
944742
945009
945399
945611
945670
945734
945915
945935
945958
946013
946093
946197
946330
946736
946777
946983
947049
947147
947181
947196
947365
947615
947758
947780
948336
948559
948748
948769
948888
949158
949237
949278
949314
949372
949507
949656
949705
949940
950274
950414
950640
950775
950776
950907
951011
951180
951574
951826
951993
952062
952826
952901
953055
953337
953529
953837
953954
953967
953987
954026
954304
954360
954601
954792
955169
955292
955442
955772
955978
956069
956561
956779
957019
957241
957284
957480
957482
958182
958257
958291
958543
958687
958825
958972
959047
959149
959300
959590
959798
960066
960302
961331
961701
961892
962222
962294
962380
962946
962956
962974
963061
963582
964100
964316
964376
964820
964970
965152
965576
965759
965958
966659
967235
967304
967820
967849
968368
968454
968474
968650
968773
968961
969022
969049
969153
969481
969618
969669
969813
970388
970606
971007
971152
971178
971199
971219
971659
971854
971987
972048
972388
972395
972496
972771
973496
973593
973756
973966
974203
974745
974899
974940
975194
975331
975754
977183
977208
977500
977591
977847
978122
978124
978131
978235
978391
978695
978704
978891
978930
978978
979347
979386
979579
980411
980846
980899
981131
981276
981478
981561
982054
982144
982244
982449
982960
983059
983162
983206
983530
984383
984408
984787
984874
984882
985338
985599
985720
985785
985968
986386
986642
986852
987321
987344
987974
987992
988119
988338
988394
988461
988639
988711
989305
989448
989538
989963
990127
990146
990199
990443
990460
990914
990942
990954
991028
991094
991166
991182
991427
991429
991747
991760
992170
992498
992616
992811
992991
993065
993272
993281
993359
993472
993653
993942
995017
995023
995547
995611
995901
995949
996016
996021
996146
996465
996495
996513
996698
996902
997267
997550
997931
998249
998931
999003
999142
999358
999556
999750
999790
