-995988
-994497
-994170
-992592
-990720
-989716
-989195
-989013
-981189
-978794
-976095
-972218
-970263
-969935
-964707
-964595
-964084
-963370
-963339
-963037
-962733
-962312
-955929
-954640
-953356
-950940
-947522
-945014
-943233
-942329
-941766
-941090
-940276
-939985
-936734
-934906
-934208
-932598
-931407
-930168
-929620
-928292
-927884
-926777
-926599
-921530
-919690
-918796
-915892
-914317
-914097
-907588
-907381
-905108
-904554
-904274
-897104
-895159
-892821
-889098
-881636
-880215
-878604
-878032
-876870
-875977
-874944
-874492
-874144
-872366
-869983
-863876
-863363
-861980
-859529
-857967
-854457
-853198
-851050
-850774
-850507
-847665
-847288
-845023
-844770
-842785
-840928
-839731
-838955
-838063
-836269
-834511
-833083
-832640
-832265
-829615
-825355
-825026
-822535
-812359
-810136
-810029
-809832
-808329
-805582
-804108
-804080
-803870
-800799
-798519
-795061
-794354
-792581
-792221
-786949
-782788
-777768
-771710
-768695
-762706
-758648
-755452
-754017
-747935
-745512
-744342
-744262
-743792
-741120
-740818
-739977
-738182
-735771
-731962
-729563
-727469
-721214
-717735
-710455
-709653
-707908
-705954
-703051
-699648
-699010
-696479
-695120
-693155
-690639
-690465
-688880
-688771
-683751
-683096
-682581
-680575
-676031
-673339
-672958
-671472
-670167
-668567
-663903
-661797
-661731
-658021
-656459
-655059
-654757
-649260
-649059
-645590
-644265
-643502
-642648
-642115
-634425
-632502
-629027
-622505
-620683
-618317
-617447
-612492
-607531
-605551
-604763
-599027
-597782
-597624
-597310
-594440
-593882
-590119
-584409
-584388
-582169
-581892
-581069
-579678
-579189
-579047
-576616
-575016
-573988
-564595
-563753
-562153
-558467
-557969
-557077
-556971
-556322
-554425
-551802
-551487
-550006
-549911
-548941
-547409
-546077
-541043
-538873
-533875
-533359
-526901
-525854
-522320
-520502
-520026
-518547
-515755
-515299
-514984
-508581
-507992
-502737
-499942
-498578
-496590
-495588
-495160
-490969
-489904
-488604
-482048
-479308
-477302
-476698
-476012
-473934
-472534
-471214
-470407
-469937
-468329
-466459
-465384
-460224
-453827
-453509
-452291
-448196
-443494
-441649
-439893
-434406
-433982
-433971
-432732
-431885
-430870
-430648
-428063
-425786
-423804
-421931
-421437
-420539
-416263
-415217
-414250
-410372
-402472
-401402
-400956
-400464
-395637
-394818
-394783
-393225
-392535
-391354
-389045
-387962
-385521
-384378
-384218
-382981
-379886
-379671
-378136
-377194
-375491
-373291
-373157
-372221
-372127
-371966
-371128
-370774
-369610
-367835
-366560
-365561
-365292
-363128
-363006
-361531
-354779
-354731
-350722
-348885
-348398
-348151
-348058
-347749
-342167
-341501
-341187
-334770
-333593
-328495
-322435
-320454
-319137
-316824
-316426
-314297
-313820
-313425
-311620
-310633
-310133
-307155
-306969
-300746
-296740
-296158
-295122
-294052
-294049
-293566
-293094
-289526
-286840
-285048
-282938
-281056
-280336
-279132
-276834
-275949
-273266
-269104
-262679
-261703
-258297
-258024
-257220
-254928
-252208
-250695
-249855
-247657
-245200
-244248
-238133
-238007
-237907
-234900
-234629
-225774
-225527
-225521
-223110
-222046
-221066
-220224
-217916
-213183
-212856
-211851
-210976
-207948
-207163
-206855
-205787
-205075
-203466
-203163
-202948
-200359
-197725
-195140
-189749
-188293
-186641
-182866
-182071
-181916
-180824
-180197
-176246
-174977
-171912
-170413
-169002
-165453
-163433
-158065
-155434
-155283
-154573
-154366
-153956
-153627
-152319
-147822
-147046
-144114
-143151
-142311
-137702
-135217
-131522
-130975
-130305
-128896
-124845
-123383
-123138
-122466
-121470
-121166
-120830
-119610
-119196
-118126
-115588
-114712
-113630
-111150
-108854
-108388
-106409
-105875
-98323
-97957
-93080
-91790
-81516
-80481
-79241
-78948
-75715
-74884
-74849
-69186
-66725
-64366
-61933
-50374
-49725
-44286
-39100
-33119
-27520
-25035
-22778
-22246
-21963
-20797
-20496
-20079
-15782
-13438
-13306
-9955
-9899
-8182
-5838
-3239
-1111
1176
1593
2437
2934
2986
6484
7451
7858
13644
14778
21279
25012
25026
25299
27006
27124
28438
28514
29625
29775
32052
32433
39440
42066
43563
43736
44475
45895
47512
47797
50574
51703
52090
52363
59670
67596
70540
70990
75138
75879
78609
80666
81952
83922
86971
88978
89096
91048
92917
96177
96704
101730
104931
105817
105927
106301
108635
110612
113535
113691
117564
117741
119285
122482
126255
127683
129057
129765
130195
130497
130874
134174
139455
139808
140874
143668
146002
146484
148544
148872
150806
154591
155441
159790
161689
162082
163176
163185
165465
165717
166052
175187
181007
181816
184611
184712
187359
187457
189248
189976
191041
193310
193722
194001
197709
198672
200414
200650
204023
204413
207689
210594
214496
218235
219022
219404
219619
220702
220749
221508
221601
221827
221990
223016
223164
224244
224663
225301
226207
230440
232654
233988
236635
236810
240518
241668
247297
247798
249552
249955
250519
251466
253608
255882
256810
258488
260756
260777
261502
265145
273240
273248
275988
279106
279821
280831
281242
283945
284462
285805
291534
291593
293961
294681
295531
297198
298352
304792
308492
309535
313628
313644
318170
318724
319283
325134
325878
330311
334071
334500
334653
335146
339887
348195
350498
350521
353715
356207
356433
358764
359652
365685
366927
369982
371671
373157
373766
375099
377567
379794
382745
386243
388664
391321
393142
395346
398167
400354
400544
400857
402104
403165
403367
403818
403991
404682
405599
409499
409578
410348
411186
411579
419053
422105
422457
424825
424939
426106
429784
432347
434101
435316
435354
438427
438704
439726
442895
443025
443604
446512
446567
447096
450659
452219
453842
455023
457660
459563
463358
464073
465760
467585
467802
468875
470203
470512
470733
470743
476535
477999
478803
478878
479454
483459
484506
487639
489424
491513
492582
494886
497787
505857
506611
508785
509998
510528
512504
513833
514179
514697
515894
516673
519265
524745
526788
531821
533079
534897
539807
539947
540041
540274
541426
541682
541939
544590
547951
549214
552462
554632
554967
556924
556992
557452
563054
568449
568480
568676
569501
582849
583212
584513
588904
590633
591542
592678
595039
598594
600792
602135
603225
603532
603727
604471
605044
605127
605506
608104
608108
608570
610366
611168
612064
612113
615381
626756
626937
631189
631541
636383
641290
644162
648261
648527
653386
661807
663544
666508
668282
674101
675658
677499
680123
681872
684483
690602
690754
692491
693970
695140
695421
696194
702219
711326
715063
715486
716073
716217
717000
717435
718089
720461
726096
726395
727134
727762
728695
730274
732008
732405
733997
734474
738752
739150
739485
739767
743717
744114
745600
745878
746266
748365
748506
749593
750729
755263
756865
757203
763049
770234
770632
770856
773189
774281
776552
777397
778743
781697
782681
784412
785657
786722
788681
791073
793552
795425
796585
798278
799383
801894
804074
806198
807209
815915
816993
819756
821203
821853
824251
827107
829388
836570
840108
841685
847322
847779
849666
851170
851791
853474
855335
860403
860713
862746
863495
864619
868894
872702
873402
874344
874376
875341
875674
877520
878141
882171
895535
896602
899166
901391
904694
905969
908734
910350
911022
915034
915549
925089
930864
931438
932498
935219
937588
938561
941788
941835
942326
942985
944418
946998
952671
952813
953889
955151
955267
958625
959788
959893
962077
963114
963265
963942
966327
967022
967193
976385
977243
979413
980441
981236
981631
981820
983925
998521
999151
999891
