-998140
-988464
-972183
-958396
-954235
-898164
-894152
-885299
-848045
-825089
-801146
-785745
-783854
-777122
-733807
-717350
-716455
-713362
-654728
-650060
-644735
-636939
-598412
-590089
-582091
-512614
-511375
-507965
-497785
-480104
-471538
-449690
-431391
-413756
-398053
-342296
-335388
-334549
-313934
-295971
-235572
-199488
-163931
-155724
-141552
-119424
-111434
-71445
-70467
-33524
-30500
-2018
42700
62705
78268
79103
88860
90378
124134
137690
166425
169438
185303
220299
220527
221337
246882
249675
264704
295256
295651
303891
307021
313162
327408
348189
351867
351919
375133
376628
409041
434813
477481
548215
557798
571978
622542
655406
686014
692622
751972
763063
818818
820009
822790
823647
852324
857281
889861
953161
